125 1163.42236172773 62.4634635748662
180 1005.34730892145 1577.41739332755
245 843.712408295373 456.720766343469
320 758.784144998512 111.095602159463
405 628.580293679903 153.876076977125
500 551.408899386467 451.932422933278
605 548.459409460187 622.666515332259
720 492.012307811583 190.070247339861
845 433.798781594853 396.658963631156
980 406.813742388339 15.789863266853
1125 380.950297193503 149.768539524872
1280 347.250830379099 270.266932667882
1445 331.015901313438 231.159198553192
1620 322.006263249746 4.77867397248156
1805 287.853601400978 474.414257604984
2000 277.868754694902 383.433132511838
2205 268.672884098264 233.24230467302
2420 258.428498514761 115.189012703739
2645 253.936221873218 17.9744726415374
2880 229.009053558137 262.515750360055
3125 229.671502483121 283.684373719296
3380 220.305657108631 6.83419362791574
3645 211.946795068985 170.856427588698
3920 205.134369905156 126.494545864858
4205 196.856028588774 122.98957972982
4500 191.554311187448 74.066001603218
4805 179.368093302273 152.06071129834
5120 181.37875279413 167.357414279351
5445 172.760106245817 8.71304953932122
5780 169.884513238444 46.7110410806199
