0 0 1
0.1 0.0998333333333333 0.995
0.203837056355216 0.202427331677893 0.979288117391776
0.309150722457727 0.304246556198656 0.952578533139723
0.415023578705868 0.403205197319994 0.915088502151907
0.52110696361584 0.497830034545577 0.867246297675394
0.627269473872361 0.586920743448016 0.809607546911204
0.733461741131026 0.66942392587338 0.742833352682133
0.839665239415357 0.744391843792692 0.667682562465452
0.94587301972154 0.8109732045476 0.585005230899303
1.05208247594232 0.868415406386742 0.495734583641558
1.15829263076172 0.916070340069477 0.400877367958923
1.26450311768543 0.953400727833497 0.301502936754398
1.37071379927933 0.979985835509841 0.198731395475488
1.4769246240066 0.995526094003199 0.0937210659544658
1.58313557254168 0.999846433891623 -0.0123445307282408
1.68934663763809 0.992898244223071 -0.118269997245894
1.79555781657901 0.974759915416606 -0.222861526106036
1.90176910834618 0.94563595393301 -0.32494035161673
2.00798051255831 0.905854676589463 -0.423356033860209
2.11419202907298 0.855864509809159 -0.516999424028916
2.22040365783735 0.796228935291538 -0.604815164625433
2.32661539883213 0.727620138998091 -0.68581358349562
2.43282725205067 0.650811435011427 -0.759081847585904
2.53903921749102 0.566668549647625 -0.823794250694138
2.645251295153 0.476139864051577 -0.879221519257144
2.7514634850371 0.380245725244655 -0.9247390312902
2.85767578714407 0.280066946093482 -0.959833855844727
2.96388820147473 0.176732623810246 -0.984110533644258
3.07010072802996 0.0714074142758097 -0.997295533746379
3.17631336681063 -0.0347215943894545 -0.999240336000163
3.28252611781763 -0.140458261065128 -0.989923104556558
3.38873898105184 -0.244610872888663 -0.969448933568802
3.49495195651416 -0.346005576589691 -0.938048662312154
3.60116504420547 -0.443499608520786 -0.896076273075835
3.70737824412665 -0.535994174273172 -0.844004901153192
3.81359155627861 -0.622446832714749 -0.782421501898832
3.91980498066223 -0.701883244872893 -0.712020234957433
4.02601851727839 -0.773408155242754 -0.633594640227542
4.13223216612799 -0.836215481752443 -0.548028693742001
4.2384459272119 -0.889597400662305 -0.456286844271129
4.34465980053103 -0.932952324003008 -0.359403142943214
4.45087378608627 -0.965791679638871 -0.258469588399629
4.55708788387848 -0.987745417538023 -0.154623818843962
4.66330209390858 -0.998566180187509 -0.0490362897059264
4.76951641617744 -0.998132090147585 0.0571029185610193
4.87573085068595 -0.98644812332541 0.162597513860337
4.98194539743502 -0.96364605248855 0.266258475829908
5.08816005642551 -0.929982961653468 0.366917457245569
5.19437482765832 -0.885838348091828 0.46343995240329
5.30058971113433 -0.83170984461652 0.554738084058535
5.40680470685445 -0.768207610360305 0.639782864800127
5.51301981481955 -0.696047453267655 0.717615794659212
5.61923503503052 -0.616042761815542 0.787359664234767
5.72545036748826 -0.529095336900523 0.848228441571493
5.83166581219365 -0.436185227226125 0.899536131352645
5.93788136914758 -0.33835968275658 0.940704506553252
6.04409703835094 -0.236721350743787 0.971269625407559
6.15031281980462 -0.132415847371883 0.990887060235268
6.25652871350951 -0.0266188451017606 0.999335779189852
6.36274471946648 0.079477178742931 0.996520637175301
6.46896083767645 0.184676382788171 0.982473447854025
6.57517706814028 0.28779304032486 0.957352624661466
6.68139341085888 0.387664904003921 0.921441394872192
6.78760986583313 0.483166305872773 0.875144606845876
6.89382643306392 0.573220845097309 0.818984166438464
7.00004311255213 0.656813520360455 0.753593154015167
7.06858347057703 0.706881840737858 0.706840060126509


0 5799990 10 0
0.1 5799989.74811607 10.151130181955 0.100753747805181
5.32659508522445 5799969.92609427 22.0443161939595 8.02958953466503
28.2840120961753 5799375.54478653 378.663325266524 245.791888203597
42.0630715225851 5795796.63779815 2525.48354697742 1677.87865487276
48.4784609147036 5789185.44529816 6488.84830182452 4325.70640001475
52.9545127008707 5778982.2696632 12599.622140597 8418.10819620791
56.3530808857339 5765176.81860524 20856.2902427021 13966.8911520597
59.262656908071 5746406.26785365 32061.1002766479 21532.6318697042
61.720233822908 5722975.2523943 46013.1337270163 31011.6138786886
63.8469801002725 5694758.47411548 62763.1930719011 42478.3328126147
65.7335518307853 5661451.18809433 82461.722686659 56087.089219008
67.4409875627888 5622670.60508749 105296.000960921 72033.3939515876
69.0116203124396 5577972.68272704 131477.428406046 90549.8888669133
70.5483062154421 5524068.23128843 162853.150291688 113078.618419883
71.9391086561508 5464976.32414269 196994.246311914 138029.4295454
73.3026066139124 5395978.30242366 236515.043074746 167506.65450159
74.6225436041341 5317277.43584338 281129.753133181 201592.81102344
75.9031590481092 5228379.50746113 330912.92160315 240707.570935722
77.1573608079684 5128165.83341551 386227.432670315 285606.733914179
78.4026758693733 5014813.95539545 447723.897498967 337462.147105585
79.6614857907272 4885487.48385394 516435.825337816 398076.690808246
80.9646947644324 4735605.79664644 594028.4195286 470365.783824958
82.359865889418 4557303.37667502 683293.318183338 559403.305141639
83.9119897335327 4338547.08692723 787925.619657172 673527.2934156
85.3564262863944 4118079.1003027 887398.706195637 794522.193501665
86.5896479846492 3919544.88662929 971297.815748777 909157.297621932
87.6838727685328 3737662.57229412 1042944.09807453 1019393.32963136
88.7474405822275 3557751.97893339 1108404.29620507 1133843.72486153
89.761521749752 3385186.00249259 1165618.60792401 1249195.38958341
90.7353012319094 3220164.70685342 1214693.60941889 1365141.68372769
91.6834139319362 3061555.08684735 1256119.99128562 1482324.92186703
92.6189495587865 2908272.78385573 1290237.56760928 1601489.648535
93.5520582464042 2759640.94755816 1317163.9440038 1723195.10843804
94.4899958947959 2615427.14005516 1336854.98396701 1847717.87597782
95.4374002367492 2475786.83168894 1349197.83196577 1975015.33634529
96.3966829924232 2341155.66832472 1354108.61432764 2104735.71734764
97.3687115594399 2212091.28254975 1351613.55830894 2236295.15914131
98.3538158238022 2089092.8593171 1341887.87919481 2369019.2614881
99.352865563464 1972459.45708702 1325239.88738974 2502300.65552325
100.368067113773 1862234.7897179 1302055.21674528 2635709.99353682
101.403326912549 1758235.84580607 1272732.35057962 2769031.80361431
102.464288552031 1660125.83894058 1237633.9470716 2902240.21398782
103.558252040004 1567491.45485369 1197061.7336538 3035446.81149251
104.694136019115 1479903.63215761 1151251.35290918 3168845.01493321
105.882546386466 1396959.10906788 1100381.33013865 3302659.56079347
107.135917374427 1318309.76658178 1044594.25477263 3437095.97864559
108.468563889553 1243691.09514561 984035.925660921 3572272.97919347
109.896232615396 1172963.95061893 918930.026473497 3708106.02290758
111.434254698582 1106184.41836052 849720.845133194 3844094.73650629
113.092930659558 1043698.57558064 777312.121680609 3978989.30273876
114.870133428552 986181.15367495 703322.710394877 4110496.13593017
116.746977026772 934433.382163683 630027.930382331 4235538.68745399
118.695357509988 888932.141077057 559720.697416936 4351347.16150601
120.692675224525 849549.599706641 493977.541804002 4456472.85848936
122.729566072813 815691.314339856 433484.177684036 4550824.50797611
124.808269014344 786593.734345231 378312.832459886 4635093.43319488
126.938029967469 761526.389115544 328244.702729056 4710228.9081554
129.131646942443 739868.643029688 282967.578000925 4777163.77896939
131.403769300415 721116.942114272 242163.611807431 4836719.4460783
133.770383536021 704867.320373809 205538.012815126 4889594.66681106
136.248938465716 690793.915556839 172822.929087335 4936383.15535583
138.858808335743 678630.373770294 143773.041316689 4977596.58491302
141.621976597148 668155.376543349 118159.476256166 5013685.14720048
144.563930547773 659181.757707759 95764.254742776 5045053.98754946
147.714823300677 651548.35455137 76375.7932208827 5072075.85222775
151.111015490002 645113.846210444 59785.4131382267 5095100.74065133
154.79717797083 639752.019200008 45784.6737510859 5114463.30704891
158.829241967967 635348.064504352 34163.3492464774 5130488.58624917
163.278659275711 631795.63621912 24707.9191807937 5143496.44460009
168.238745272603 628994.495620179 17200.5015929846 5153805.00278684
173.834448531125 626848.6387184 11418.2280667596 5161733.13321484
180.237995707258 625264.872018396 7133.14960646421 5167601.97837514
187.695129706295 624151.872989413 4112.89139261107 5171735.23561797
196.571677894966 623419.86357223 2122.47509158248 5174457.66133619
207.44240135493 622981.155656255 928.046074656566 5176090.79826909
221.277976880141 622752.020665424 303.744052605244 5176944.23528197
239.900554875326 622656.649467872 43.8022401623117 5177299.54829196
267.421980302713 622635.006326768 -15.196292031816 5177380.18996526
300 622645.038727974 12.153156533121 5177342.80811549


0 5799990 10 0
0.1 5799989.48986759 10.4081057467011 0.102026662168104
2.75792848895361 5799965.69930683 29.4405365641176 4.86015660117214
11.7612927656582 5799308.07954078 555.530446290398 136.390012930003
15.7960937549178 5796797.62781361 2563.73576723897 638.636419151518
17.9387554262163 5792543.20426349 5966.50525145782 1490.2904850573
19.4942786366241 5786175.10483903 11058.6608636865 2766.23429728459
20.6982454336508 5777691.32557471 17840.4013215655 4468.27310371936
21.7355626572325 5766321.38991578 26925.346716813 6753.2633674028
22.6152292634574 5752270.72374051 38146.0469893911 9583.22927010328
23.376838532654 5735500.86366601 51529.1982540894 12969.9380798982
24.0507038653033 5715884.86411352 67171.1136983216 16944.0221881534
24.6574289233168 5693269.11529482 85188.0830913111 21542.8016138687
25.2112794255921 5667488.71052522 105703.857903725 26807.4315710574
25.7225492734556 5638368.43352754 128848.586062844 32782.9804096166
26.2231166063397 5603907.27971187 156198.2365726 39894.4837155266
26.6730632738526 5566990.52017169 185448.056061204 47561.4237671115
27.1133666043614 5524516.81239957 219037.601264149 56445.5863362836
27.5361552823321 5476937.31978616 256583.484719483 66479.1954943577
27.940489272376 5424352.43016921 297977.312851757 77670.2569790289
28.3280902044314 5366640.14090169 343281.768175311 90078.0909230014
28.7015258889577 5303529.0888377 392670.606142252 103800.305020045
29.0635345043487 5234629.20976773 446401.901888582 118968.888343687
29.4168349315048 5159432.3546445 504814.306666553 135753.338688943
29.7641412391013 5077288.79148696 568340.977578506 154370.230934532
30.1082764809962 4987357.92320051 637541.476638387 175100.600161105
30.4523667182242 4888521.90871237 713158.723493443 198319.367794188
30.8001536867541 4779234.28913341 796219.319560123 224546.391306462
31.1565424179349 4657239.11671681 888219.944275153 254540.939008039
31.5286786670272 4519001.16806945 991505.211762933 289493.620167614
31.928345963941 4358414.5384621 1110120.26794582 331465.193592077
32.3774472909894 4163738.48437036 1251790.47613196 384471.03949768
32.899759698797 3920312.22373658 1425336.30485351 454351.471409904
33.2993445635421 3723713.48576555 1562253.13920183 514033.375032617
33.6601443007663 3540219.25824885 1687129.23640418 572651.505346978
33.9915278703505 3368125.55149401 1801417.32140518 630457.127100819
34.316230528784 3197543.07224426 1911710.15440482 690746.773350921
34.6306380090693 3031781.81077163 2015721.80513757 752496.384090801
34.9379996177037 2870348.75266489 2113682.94221821 815968.305116899
35.2432879699737 2711697.97150479 2206377.5629557 881924.465539506
35.5517820056808 2554133.46143001 2294501.9113271 951364.627242891
35.868983931284 2396011.87635833 2378490.67553873 1025497.44810293
36.2007664840282 2235832.23770349 2458407.20680007 1105760.55549644
36.5526777236259 2072729.12140278 2533643.17213891 1193627.70645831
36.9258418346547 1908327.54688981 2602183.55567352 1289488.89743667
37.3090004222407 1749416.02764249 2660238.91928557 1390345.05307194
37.663960778169 1611554.74158359 2702884.79216689 1485560.46624951
38.0123478916238 1485160.23138782 2734534.95372139 1580304.81489079
38.3467069132189 1372145.60987464 2755739.78346193 1672114.60666344
38.6681848303586 1271014.75199421 2768061.76190433 1760923.48610146
38.9803092715144 1179692.9596976 2772893.14660364 1847413.89369877
39.2866183892699 1096410.17805726 2771249.89205832 1932339.92988442
39.5900876824367 1019820.774239 2763839.40851295 2016339.81724806
39.8931439035008 948924.974498007 2751155.33092502 2099919.69457698
40.1978089699283 882971.938669982 2733547.26490143 2183480.79642858
40.5058396911075 821384.784218477 2711265.509544 2267349.70623752
40.8188371376172 763708.881323089 2684488.81991841 2351802.2987585
41.1383291104458 709577.216850023 2653341.6952603 2437081.08788968
41.4658344504389 658687.09273693 2617905.25550517 2523407.6517579
41.8029169928852 610784.157009621 2578224.07147159 2610991.77151879
42.1512352092321 565651.197988432 2534310.30030451 2700038.50170706
42.5125923133412 523100.089193528 2486145.89649056 2790754.01431591
42.8889910183207 482965.871060646 2433683.33356889 2883350.79537046
43.2826971350784 445102.325818163 2376845.07590131 2978052.59828053
43.6963167128357 409378.636663123 2315521.93356824 3075099.42976864
44.1328923360073 375676.88268069 2249570.41067552 3174752.7066438
44.5960252785412 343890.250141209 2178809.26573086 3277300.48412793
45.090030733052 313921.979753018 2103015.89225568 3383062.1279913
45.620130974788 285685.27536026 2021924.18554487 3492390.53909487
46.192679322811 259104.775818882 1935228.24930324 3605666.97487788
46.8153671824874 234120.930187888 1842602.92523514 3723276.14457697
47.4972484680829 210699.978597199 1743767.69727389 3845532.32412891
48.2481206204168 188853.962222139 1638652.08728075 3972493.95049711
49.0762821179804 168673.165147414 1527756.2400019 4103570.59485068
49.9837303707218 150351.736797732 1412713.35814518 4236934.90505709
50.9612239803757 134137.427444357 1296576.88499114 4369285.68756451
51.990613545682 120168.292607009 1182997.65321165 4496834.05418135
53.0547564813547 108352.227180846 1074763.0983563 4616884.67446285
54.1442853665957 98422.2131733691 973206.470441808 4728371.31638482
55.2573125409443 90060.7667977015 878591.905174952 4831347.32802735
56.396435698815 82978.6280451254 790677.270723752 4926344.10123112
57.5663269399343 76939.3210123699 709067.505476196 5013993.17351144
58.7724726057928 71757.0821338283 633368.655530558 5094874.26233562
60.0206834529037 67287.1251506976 563235.520405515 5169477.35444379
61.316991391523 63415.8721800217 498375.902303612 5238208.22551637
62.6677156290033 60053.158231658 438541.132804126 5301405.70896422
64.0796003807101 57126.4509765687 383514.37476304 5359359.17426039
65.5599881759599 54576.6507075068 333100.353918392 5412322.9953741
67.1170213002425 52355.0310744384 287117.24834269 5460527.72058287
68.7598770455042 50420.982784014 245390.534830146 5504188.48238584
70.4990497220587 48740.3216650993 207748.386775362 5543511.29155954
72.3466984759368 47283.9970171461 174018.242561201 5578697.76042165
74.3170873695914 46027.0876819905 144024.241083849 5609948.67123416
76.4271548516059 44948.007975573 117585.29673846 5637466.69528597
78.6972659587896 44027.8689331032 94513.6471552364 5661458.48391166
81.1522258833466 43249.956163779 74613.7537238894 5682136.29011233
83.8226738593975 42599.2965963012 57681.4714477816 5699719.23195592
86.7470422533426 42062.294255463 43503.435484592 5714434.27025995
89.974376766784 41626.4211156994 31856.6416176695 5726516.93726663
93.5685071332054 41279.9538796433 22508.2324288204 5736211.81369154
97.6144085435566 41011.7519313441 15215.5477188915 5743772.70034977
102.228260794716 40811.0764211272 9726.5683889439 5749462.35518993
107.57405220278 40667.4563174882 5780.9963025604 5753551.54737995
113.8924599064 40570.6155110702 3112.39878204102 5756316.98570689
121.554514150835 40510.4873728057 1452.15153566922 5758037.36109153
131.170449465227 40477.3618023166 536.402624663912 5758986.23557302
143.840157227035 40462.2386274866 118.066968273364 5759419.69440424
161.862848719724 40457.5288540211 -12.2486210505381 5759554.71976703
191.893091787055 40458.7486918802 21.5072168511536 5759519.74409127
255.973124322236 40438.1591532076 -548.101635174383 5760109.94248197
278.867614303999 40469.1682915494 310.48985417657 5759220.34185428
300 40453.7508736938 -116.010714861449 5759662.25984117


0 5799990 10 0
0.1 5799989.83277684 10.0668890910216 0.100334072622898
8.77628916373312 5799970.25385775 17.8984167317193 11.8477255148512
54.9597255371832 5799402.77559633 244.875736504945 352.348667166262
91.5545738896843 5794610.00135602 2160.74040111436 3229.25824286345
107.034454398536 5785200.04892925 5915.13989620638 8884.81117454564
117.573567774505 5770402.85840614 11800.238685943 17796.902907913
125.508878027733 5750162.11280283 19813.165477393 30024.7217197738
132.30157384849 5722355.48564791 30750.9178969891 46893.5964550968
138.061567668099 5687290.81645121 44426.3152456452 68282.8683031468
143.087488212456 5644563.14790177 60911.2808916898 94525.5712065351
147.602625833913 5593385.3230893 80393.653830932 126221.023079763
151.761797104187 5532678.55574034 103125.256862465 164196.187397193
155.834854053682 5457841.46592143 130570.402644158 211588.13143441
159.753630528222 5368858.6526373 162350.138995303 268791.208367395
163.550778092539 5264484.68661733 198405.849586148 337109.463796519
167.308960332532 5141818.12107012 239027.536814735 419154.342115148
171.15607744286 4995204.43781329 284971.796587302 519823.765599402
175.310561900942 4813000.18972377 337868.090852188 649131.719424036
180.119619082589 4573736.22902828 399683.471715978 826580.299255738
183.596869653392 4385311.8080205 441702.782216286 972985.409763209
186.668743164655 4211310.80694877 474807.234980518 1113881.95807072
189.445425946806 4050522.09405036 500123.632145831 1249354.27380381
192.155688693269 3892687.11310797 519639.750173254 1387673.13671878
194.76189259879 3742115.91997229 532927.886926849 1524956.19310086
197.288599590076 3598998.74361577 540338.528172597 1660662.72821163
199.773976967383 3462412.05417321 542281.374922863 1795306.57090392
202.255382169716 3331372.76348114 539056.98839859 1929570.24812027
204.767655969379 3205082.55321501 530855.372804888 2064062.0739801
207.345230573357 3082919.08658469 517781.284433343 2199299.62898197
210.025432059977 2964370.50565874 499870.096920938 2335759.39742032
212.852733796085 2848968.51999387 477088.206174553 2473943.27383158
215.88465648952 2736233.87760231 449318.694454002 2614447.42794368
219.200150476459 2625660.23390521 416341.689414579 2757998.07668021
222.907213711509 2516894.88634133 377881.198089502 2905223.91556917
227.113342486235 2410917.1446782 334155.838557955 3054927.01676384
231.73283502479 2313461.78912616 288022.487930518 3198515.72294332
236.408639550006 2232206.14710145 244856.15476162 3322937.69813692
240.94075611421 2167548.89531076 207227.532868169 3425223.57182107
245.347975869288 2115817.5044803 174899.368450674 3509283.12706902
249.715043757544 2073594.37233681 146975.317290438 3579430.31037275
254.124306158206 2038543.08368369 122700.511708437 3638756.40460787
258.644762947503 2009137.83330123 101543.606030309 3689318.56066846
263.336374305959 1984348.97736996 83129.9077714399 3732521.1148586
268.256017294239 1963442.45266733 67178.4555620345 3769379.09177063
273.46257137873 1945865.13488035 53462.1701633818 3800672.69495627
279.021360426974 1931179.43661307 41784.8090357017 3827035.75435123
285.008659141714 1919024.53488487 31967.7363727846 3849007.72874235
291.517041494975 1909092.13637082 23842.1265855049 3867065.73704367
298.66249476191 1901110.49457969 17244.2003596922 3881645.30506061
300 1899888.36528459 16228.4917503733 3883883.14296503
