-4.98438 -0.601571
-4.73438 -2.89626
-4.48438 -2.78673
-4.23438 -1.99414
-3.98438 1.00474
-3.73438 -1.34141
-3.48438 -1.28613
-3.23438 -0.550908
-2.98438 2.38712
-2.73438 -0.0238253
-2.48438 -0.037842
-2.23438 0.622928
-1.98438 3.48051
-1.73438 0.982078
-1.48438 0.872179
-1.23438 1.42689
-0.984375 4.16581
-0.734375 1.53272
-0.484375 1.26717
-0.234375 1.63745
0.015625 4.15006
0.265625 1.22399
0.515625 0.542277
0.765625 0.186621
1.01562 -0.00881971
1.26562 -0.10168
1.51562 -0.120098
1.76562 -0.0804414
2.01562 0.00668448
2.26562 0.133886
2.51562 0.295729
2.76562 0.488063
3.01562 0.707614
3.26562 0.951736
3.51562 1.21825
3.76562 1.50533
4.01562 1.81142
4.26562 2.13519
4.51562 2.47547
4.76562 2.83124
5.01562 3.20161
5.26562 3.58578
5.51562 3.98301
5.76562 4.39267
6.01562 4.81417
6.26562 5.24698
6.51562 5.6906
6.76562 6.14459
7.01562 6.60853
7.26562 7.08205
7.51562 7.5648
7.76562 8.05644
8.01562 8.55667
8.26562 9.06521
8.51562 9.58178
8.76562 10.1061
9.01562 10.6381
9.26562 11.1773
9.51562 11.7237
9.76562 12.277
10.0156 12.837
