101 -0.25 2
103 -0.3 2
105 -0.15 1.9
107 -1.71 1.9
109 0.81 1.9
111 0.65 1.9
113 -0.91 1.9
115 0.91 1.9
117 0.96 1.6
119 -2.52 1.6
121 -1.01 1.6
123 2.01 1.6
125 4.83 1.6
127 4.58 1.6
129 1.26 1.3
131 1.01 1.3
133 -1.26 1.3
135 0.45 1.3
137 0.15 1.3
139 -0.91 1.3
141 -0.81 1.1
143 -1.41 1.1
145 1.36 1.1
147 0.5 1.1
149 -0.45 1.1
151 1.61 1.1
153 -2.21 1.1
155 -1.86 0.9
157 1.76 0.9
159 -0.5 0.9


99 0.0135552261205718
99.62 0.014199559767382
100.24 0.0148909247812034
100.86 0.0156340095310383
101.48 0.016434101118216
102.1 0.0172971794680906
102.72 0.0182300291234489
103.34 0.0192403726476331
103.96 0.020337030542697
104.58 0.0215301138760006
105.2 0.0228312574834874
105.82 0.0242539038110166
106.44 0.0258136503484062
107.06 0.0275286774579726
107.68 0.0294202785575692
108.3 0.0315135215955708
108.92 0.0338380802824492
109.54 0.0364292866826252
110.16 0.0393294750840704
110.78 0.0425897128810506
111.4 0.0462720510471199
112.02 0.050452480037465
112.64 0.0552248550470935
113.26 0.060706170778152
113.88 0.0670437417134278
114.5 0.0744251146893499
115.12 0.0830919657006461
115.74 0.0933599145158024
116.36 0.105647309100634
116.98 0.120517914050789
117.6 0.138745694835941
118.22 0.161415705691743
118.84 0.190085838534513
119.46 0.227054842398894
120.08 0.275823460916662
120.7 0.341922835310284
121.32 0.434478559405251
121.94 0.569337773815404
122.56 0.775742474479727
123.18 1.11161432321958
123.8 1.70084935050247
124.42 2.82378595928075
125.04 5.04613662021167
125.66 8.32970275139566
126.28 8.34883609919208
126.9 5.06724171990422
127.52 2.8347977865578
128.14 1.70643907241199
128.76 1.11468252107228
129.38 0.77756798421712
130 0.570499500986678
130.62 0.435259005481051
131.24 0.342470526501383
131.86 0.276221731449128
132.48 0.227353096527331
133.1 0.190314759514543
133.72 0.161595116894578
134.34 0.138888843127054
134.96 0.120633913131327
135.58 0.105742589946495
136.2 0.0934391169697815
136.82 0.083158503628293
137.44 0.0744815440896854
138.06 0.0670920063630535
138.68 0.0607477697465878
139.3 0.0552609591855543
139.92 0.050484014428028
140.54 0.0462997543035301
141.16 0.0426141804296525
141.78 0.0393511911792453
142.4 0.0364486483828704
143.02 0.0338554156112171
143.64 0.0315291034427912
144.26 0.0294343354251505
144.88 0.0275414018415128
145.5 0.0258252053306588
146.12 0.0242644282898152
146.74 0.0228408703477558
147.36 0.0215389173647728
147.98 0.0203451129646979
148.6 0.0192478105967457
149.22 0.0182368892940275
149.84 0.0173035201505848
150.46 0.0164399734378252
151.08 0.0156394584786149
151.7 0.0148959900752706
152.32 0.0142042765781448
152.94 0.013559625680594
153.56 0.0129578648045818
154.18 0.0123952735514115
154.8 0.0118685261732231
155.42 0.0113746424023407
156.04 0.0109109452795675
156.66 0.0104750248660309
157.28 0.0100647069191764
157.9 0.0096780257719792
158.52 0.00931320078314784
159.14 0.00896861583106716
159.76 0.0086428014101878
160.38 0.00833441895924471
