-1 0.35322690848236
-0.894736842105263 0.309802259625527
-0.789473684210526 0.124837110617201
-0.684210526315789 -0.179854467282462
-0.578947368421053 -0.521775260580296
-0.473684210526316 -0.778546959604401
-0.368421052631579 -0.834212341288874
-0.263157894736842 -0.632604991636986
-0.157894736842105 -0.211597087256371
-0.0526315789473685 0.301971142652196
0.0526315789473684 0.738545534638979
0.157894736842105 0.953842159707218
0.263157894736842 0.886951458303233
0.368421052631579 0.581374974294357
0.473684210526316 0.160599186123614
0.578947368421053 -0.227654398899546
0.684210526315789 -0.4705301385085
0.789473684210526 -0.526107340970266
0.894736842105263 -0.42454349264334
1 -0.240462049968584


-1 0.338111084253242
-0.984375 0.350752214446176
-0.96875 0.35802841930726
-0.953125 0.360001526211812
-0.9375 0.356789037410875
-0.921875 0.348558203148808
-0.90625 0.33551952399844
-0.890625 0.317919916743745
-0.875 0.29603577619983
-0.859375 0.270166155494736
-0.84375 0.240626270234416
-0.828125 0.207741508553098
-0.8125 0.171842100423114
-0.796875 0.133258566999846
-0.78125 0.0923180355237698
-0.765625 0.0493414687302274
-0.75 0.00464182113756947
-0.734375 -0.0414769007683156
-0.71875 -0.088719730436625
-0.703125 -0.136800070893735
-0.6875 -0.185438373296374
-0.671875 -0.23436029629936
-0.65625 -0.283294493633193
-0.640625 -0.331970187270738
-0.625 -0.380114687948599
-0.609375 -0.427451023674953
-0.59375 -0.473695830430949
-0.578125 -0.518557647921347
-0.5625 -0.561735747431977
-0.546875 -0.602919599183413
-0.53125 -0.641789063686118
-0.515625 -0.678015366215009
-0.5 -0.71126288638459
-0.484375 -0.741191766697304
-0.46875 -0.767461315642905
-0.453125 -0.789734153223705
-0.4375 -0.807681020424767
-0.421875 -0.820986149858358
-0.40625 -0.829353073255306
-0.390625 -0.832510723254464
-0.375 -0.830219672577995
-0.359375 -0.822278343605245
-0.34375 -0.808529015897495
-0.328125 -0.788863458590305
-0.3125 -0.763228018845179
-0.296875 -0.731628006692711
-0.28125 -0.694131230425052
-0.265625 -0.650870554891897
-0.25 -0.602045377175915
-0.234375 -0.547921939603093
-0.21875 -0.488832428203588
-0.203125 -0.425172834809293
-0.1875 -0.357399592113801
-0.171875 -0.286025022339139
-0.15625 -0.211611670741782
-0.140625 -0.134765624146228
-0.125 -0.056128941153827
-0.109375 0.0236286561594056
-0.09375 0.103818660072289
-0.078125 0.183743041000879
-0.0625 0.262703704090705
-0.046875 0.340011941215146
-0.03125 0.414997682141668
-0.015625 0.487018355164505
0 0.555467179184402
0.015625 0.619780725653126
0.03125 0.679445609452028
0.046875 0.734004191968009
0.0625 0.783059206587276
0.078125 0.826277245687724
0.09375 0.863391078065123
0.109375 0.894200795649296
0.125 0.91857381744044
0.140625 0.936443805954417
0.15625 0.947808576314296
0.171875 0.952727099768744
0.1875 0.951315721281713
0.203125 0.943743724486237
0.21875 0.930228386440907
0.234375 0.911029669139282
0.25 0.886444694623958
0.265625 0.856802146022819
0.28125 0.822456728169896
0.296875 0.783783809138013
0.3125 0.741174348542687
0.328125 0.695030200510341
0.34375 0.645759859434487
0.359375 0.593774695803897
0.375 0.539485708221573
0.390625 0.48330079697384
0.40625 0.425622544849575
0.421875 0.36684647298611
0.4375 0.307359723888548
0.453125 0.247540110896674
0.46875 0.18775546361505
0.484375 0.1283631924181
0.5 0.0697099922125615
0.515625 0.0121316061818395
0.53125 -0.0440474258721472
0.546875 -0.098514102970363
0.5625 -0.150967440786018
0.578125 -0.201119138349476
0.59375 -0.248694466164915
0.609375 -0.293433393053875
0.625 -0.335091953152884
0.640625 -0.373443838557903
0.65625 -0.408282187744122
0.671875 -0.439421525687868
0.6875 -0.466699799125194
0.703125 -0.489980440082559
0.71875 -0.509154383111908
0.734375 -0.524141956863474
0.75 -0.534894568937565
0.765625 -0.541396104460854
0.78125 -0.543663963506456
0.796875 -0.541749670177393
0.8125 -0.53573899664607
0.828125 -0.525751558331871
0.84375 -0.51193985125905
0.859375 -0.49448771894835
0.875 -0.473608253384026
0.890625 -0.449541152055288
0.90625 -0.422549570178397
0.921875 -0.392916523355182
0.9375 -0.360940910542143
0.953125 -0.326933239773525
0.96875 -0.291211149158368
0.984375 -0.254094822902905
1 -0.215902406246667


-1 0.981070452017272
-0.984375 0.637009558834468
-0.96875 0.295009658113678
-0.953125 -0.0411922600300272
-0.9375 -0.36821533712036
-0.921875 -0.683078783641244
-0.90625 -0.983230933758058
-0.890625 -1.26656327765209
-0.875 -1.5314098551793
-0.859375 -1.7765328825238
-0.84375 -2.00109591949112
-0.828125 -2.20462625558208
-0.8125 -2.38696848783492
-0.796875 -2.5482314759621
-0.78125 -2.68873098740173
-0.765625 -2.80893038678903
-0.75 -2.90938168435024
-0.734375 -2.99066914183913
-0.71875 -3.05335745109595
-0.703125 -3.0979462590279
-0.6875 -3.12483252486976
-0.671875 -3.13428187271757
-0.65625 -3.12640975644635
-0.640625 -3.10117289689869
-0.625 -3.05837109375509
-0.609375 -2.99765916700963
-0.59375 -2.91856845467337
-0.578125 -2.82053699224324
-0.5625 -2.70294723241103
-0.546875 -2.56516993600955
-0.53125 -2.40661268165052
-0.515625 -2.22677130508068
-0.5 -2.02528249203521
-0.484375 -1.80197571131091
-0.46875 -1.55692268791915
-0.453125 -1.29048267854629
-0.4375 -1.00334192124295
-0.421875 -0.696545785456941
-0.40625 -0.371522343483075
-0.390625 -0.030096315499208
-0.375 0.325507397900508
-0.359375 0.692671095690404
-0.34375 1.06840276558732
-0.328125 1.4493655661781
-0.3125 1.83191787150805
-0.296875 2.21216314057301
-0.28125 2.58600858294348
-0.265625 2.94923132491794
-0.25 3.29755054629357
-0.234375 3.6267038635269
-0.21875 3.93252608725482
-0.203125 4.21102838616505
-0.1875 4.4584758488989
-0.171875 4.67146145324181
-0.15625 4.84697452771714
-0.140625 4.98246192337685
-0.125 5.07588029972002
-0.109375 5.1257381630797
-0.09375 5.13112657162312
-0.078125 5.09173772995025
-0.0625 5.00787102858119
-0.046875 4.88042642894375
-0.03125 4.71088544184145
-0.015625 4.5012802857166
0 4.25415212951963
0.015625 3.97249961353445
0.03125 3.65971909101705
0.046875 3.31953823628752
0.0625 2.95594481493572
0.078125 2.57311250487915
0.09375 2.17532569096984
0.109375 1.76690513055808
0.125 1.35213630478594
0.140625 0.93520213423549
0.15625 0.520121553478877
0.171875 0.110695214178547
0.1875 -0.289540670996197
0.203125 -0.677351611985727
0.21875 -1.04983281488182
0.234375 -1.40442770524896
0.25 -1.73893715210939
0.265625 -2.05151981871355
0.28125 -2.34068431710213
0.296875 -2.60527406250476
0.3125 -2.84444590460835
0.328125 -3.05764375091503
0.34375 -3.24456848961247
0.359375 -3.40514556403483
0.375 -3.53949154795796
0.390625 -3.64788102226857
0.40625 -3.7307149620595
0.421875 -3.78849171333393
0.4375 -3.82178147579347
0.453125 -3.83120501910788
0.46875 -3.81741715179178
0.484375 -3.78109524197331
0.5 -3.72293286576798
0.515625 -3.6436384394632
0.53125 -3.54393848378342
0.546875 -3.42458497914087
0.5625 -3.28636610625127
0.578125 -3.13011953216815
0.59375 -2.95674730194845
0.609375 -2.76723133389236
0.625 -2.56264849339695
0.640625 -2.34418423737521
0.65625 -2.11314387701051
0.671875 -1.87096059910394
0.6875 -1.61919951193185
0.703125 -1.35955713572044
0.71875 -1.09385593492653
0.734375 -0.824033683041409
0.75 -0.552127653570716
0.765625 -0.280253835798232
0.78125 -0.0105815734349608
0.796875 0.254695789021882
0.8125 0.51339350031203
0.828125 0.763370343645944
0.84375 1.00256492179084
0.859375 1.22903220767408
0.875 1.44097924525232
0.890625 1.63679888798852
0.90625 1.81510050437454
0.921875 1.97473666006129
0.9375 2.11482490142666
0.953125 2.23476391163733
0.96875 2.33424348211637
0.984375 2.41324793355621
1 2.47205282426962


-1 0
-0.984375 0.00538874582867272
-0.96875 0.0109330538049371
-0.953125 0.0165495039478356
-0.9375 0.0221560845394687
-0.921875 0.027673016635297
-0.90625 0.0330234812046977
-0.890625 0.0381342418111609
-0.875 0.0429361593984256
-0.859375 0.0473645993127941
-0.84375 0.0513597340440766
-0.828125 0.0548667482018976
-0.8125 0.0578359548702275
-0.796875 0.0602228346291231
-0.78125 0.0619880101469436
-0.765625 0.0630971702977313
-0.75 0.0635209582366981
-0.734375 0.0632348377815012
-0.71875 0.0622189518263332
-0.703125 0.0604579854044118
-0.6875 0.0579410444708998
-0.671875 0.054661559572697
-0.65625 0.0506172213824758
-0.640625 0.0458099526860136
-0.625 0.0402459189112791
-0.609375 0.0339355767619267
-0.59375 0.0268937580514936
-0.578125 0.0191397835076608
-0.5625 0.0106975992018112
-0.546875 0.00159592642286631
-0.53125 -0.00813158568852553
-0.515625 -0.0184462165542106
-0.5 -0.0293040521434095
-0.484375 -0.0406558973313635
-0.46875 -0.0524472352740476
-0.453125 -0.0646182458419535
-0.4375 -0.0771038941333511
-0.421875 -0.0898340986682754
-0.40625 -0.102733987086309
-0.390625 -0.115724245081559
-0.375 -0.128721561963364
-0.359375 -0.141639173694967
-0.34375 -0.154387501604405
-0.328125 -0.166874882255996
-0.3125 -0.179008381293431
-0.296875 -0.190694681492962
-0.28125 -0.20184103287248
-0.265625 -0.212356250560216
-0.25 -0.222151744300375
-0.234375 -0.23114256201933
-0.21875 -0.239248428842268
-0.203125 -0.24639476237248
-0.1875 -0.252513644947098
-0.171875 -0.257544733973827
-0.15625 -0.261436092328802
-0.140625 -0.264144922137634
-0.125 -0.265638187037634
-0.109375 -0.265893110183866
-0.09375 -0.264897537757847
-0.078125 -0.262650160498417
-0.0625 -0.259160588724124
-0.046875 -0.254449279374673
-0.03125 -0.248547316681368
-0.015625 -0.241496051098547
0 -0.233346604007266
0.015625 -0.224159248361544
0.03125 -0.214002677815921
0.046875 -0.202953178890226
0.0625 -0.191093722343948
0.078125 -0.178512991111784
0.09375 -0.165304362871306
0.109375 -0.151564865564747
0.125 -0.13739412398602
0.140625 -0.122893314891097
0.15625 -0.108164147028167
0.171875 -0.0933078810581399
0.1875 -0.0784244026009721
0.203125 -0.0636113596614752
0.21875 -0.0489633735281571
0.234375 -0.0345713299717242
0.25 -0.0205217552686267
0.265625 -0.00689627931029127
0.28125 0.00622881410251638
0.296875 0.0187829516773191
0.3125 0.0307015534352462
0.328125 0.0419262390962491
0.34375 0.0524049644571721
0.359375 0.0620920950781764
0.375 0.0709484251664052
0.390625 0.0789411497907208
0.40625 0.0860437984896233
0.421875 0.0922361379683568
0.4375 0.0975040509522958
0.453125 0.101839397411582
0.46875 0.105239863342661
0.484375 0.107708801136545
0.5 0.109255064334808
0.515625 0.10989283832695
0.53125 0.109641467330239
0.546875 0.108525276866116
0.5625 0.106573389951858
0.578125 0.103819534402374
0.59375 0.100301838017652
0.609375 0.0960626080406169
0.625 0.0911480911232754
0.640625 0.0856082101415527
0.65625 0.0794962745470823
0.671875 0.0728686615237723
0.6875 0.0657844660057784
0.703125 0.0583051185809456
0.71875 0.0504939714123262
0.734375 0.0424158535169363
0.75 0.0341365979983612
0.765625 0.0257225450887929
0.78125 0.0172400260666576
0.796875 0.00875483422965742
0.8125 0.000331690074312193
0.828125 -0.00796629137867132
0.84375 -0.0160781226030818
0.859375 -0.023945446093248
0.875 -0.031513008496692
0.890625 -0.0387290976600323
0.90625 -0.0455459343730269
0.921875 -0.0519200113344759
0.9375 -0.0578123728436269
0.953125 -0.0631888299136895
0.96875 -0.0680201068744594
0.984375 -0.0722819170370668
1 -0.07595496658895


