88 1292.83582305479 576.652828401384
297 704.704197903661 1072.22824128258
704 450.98696431901 380.497281401624
1375 341.840325597945 171.82619026592
2376 266.041418307046 176.262179532099
3773 206.577898258069 211.138475484615
5632 171.752551341226 238.009487336818
8019 143.772410530162 100.942385199201
11000 120.072152677743 54.1017189337217
14641 107.115252028321 60.969864707924
19008 94.124081192202 107.443256400251
24167 81.4300142423046 79.0417511514261
30184 74.341849711713 147.078157789789
37125 66.655058415868 56.6481987046645
45056 60.1078830508459 85.8054173819492
54043 55.4960431900069 45.4629017584593
64152 50.6445153863905 46.2378320564094
75449 46.710623197881 16.9510367012172
88000 42.9420160763658 17.5122033939715
101871 39.9585897567263 10.7377219003301
117128 37.1574247376979 43.41231476346
133837 34.8595441162881 13.8276303163057
152064 32.7900830026777 29.5624101177218
171875 30.8943076087636 6.47357525871485
193336 29.1290980730987 28.2236417415279
216513 27.481008559299 1.6152628200125
241472 26.0204370519007 34.3786857422147
268279 24.7117120239211 26.4376752679709
297000 23.4721163352805 5.79264953258644
327701 22.3487359814804 9.72180569078591
360448 21.3387988701367 10.6996835155405
395307 20.3124398648145 20.5539795712903
432344 19.4275568046577 14.9685202235851
471625 18.5937063512518 7.65405361606827
513216 17.814016554469 6.68190397190119
557183 17.1134912522772 4.07112430224333
603592 16.4327318337449 25.3327667294452
652509 15.8255784684688 11.3988579100642
704000 15.2745494267921 15.9168349035153
758131 14.6795926780107 12.8153510337415
814968 14.1668790803584 0.52850485039562
874577 13.6859738244682 1.19708312317744
937024 13.1888883017348 6.63766445517831
1002375 12.7671446469935 16.2564745325963
1070696 12.3719662968731 6.95424556340004
1142053 11.9809338456829 2.34845570710604
1216512 11.5801666522835 17.3362853984272
1294139 11.2426112914094 8.56107763738873
1375000 10.9090064432634 2.34371197147266
1459161 10.5878331206402 6.6561593881197
1546688 10.2921707046644 2.82963586128244
1637647 10.0005732145849 0.545890379131379
1732104 9.71911994713737 0.389178684743456
1830125 9.44828384707239 0.425049470468366
1931776 9.20718161277969 5.90044758848126
2037123 8.95629197425272 3.40108048500224
2146232 8.73612237394172 0.874932717295451
2259169 8.50377180714784 7.91496799350352
2376000 8.29635797503702 11.1273738508607
2496791 8.09712870671406 7.53202930152293
2621608 7.91200098087727 15.5709192442537
2750517 7.72147221216994 14.1728797648648
2883584 7.53586341728691 1.79229484923599
3020875 7.36562422743492 9.68850818836654
3162456 7.1952567961114 4.30539539296842
3308393 7.03782266583048 5.83587049788548
3458752 6.87497772323432 3.0843162498204
3613599 6.72908134934932 4.78525079873179
3773000 6.58543277903463 1.48968477467679
3937021 6.4466653040641 3.26835830957316
4105728 6.31918441370291 3.53201478716801
4279187 6.18229449175134 5.13602373542926
4457464 6.05378364436212 5.7998178727812
4640625 5.94002179103129 3.73654447125955
4828736 5.8211993050766 2.25032447426202
5021863 5.70757773450618 1.96889580300922
5220072 5.59869214920337 1.0420353367299
5423429 5.48680948123758 4.68312011049966
5632000 5.38481321870661 10.8496414909514
5845851 5.29026981422452 1.73546571604129


88 912.633287972452 30.417164333292
297 58.1667378394486 360.100042623269
704 129.163863343525 248.3291506227
1375 116.558424777924 191.733966150918
2376 138.383123825621 182.65754935953
3773 107.915407173134 145.326393932995
5632 37.2458664548813 60.600830758176
8019 20.3507948971801 32.8304662346764
11000 16.1504231156323 29.0610857462816
14641 16.0619066474828 26.4422095268164
19008 6.58789662565687 12.351900533622
24167 15.5961398691124 21.6960929361194
30184 12.2985620079271 18.1787560479861
37125 13.924163802667 17.5713835988045
45056 6.86597967059788 9.92821977720996
54043 1.78198042206168 1.52080012843726
64152 4.57258188520791 6.41309488599472
75449 2.06928024030276 4.77657713005101
88000 0.749602886891807 2.84512271397034
101871 1.94902684596855 3.56821658859917
117128 2.26063680876541 3.49081321135964
133837 0.395255853471099 1.04704226441936
152064 1.86418693378801 2.84213562070909
171875 1.38852486582255 2.35275225987971
193336 1.27034278100837 2.3231160156738
216513 1.23093819804672 1.78329613017195
241472 0.493295994834625 1.23794199750591
268279 0.721446064506381 0.149158508840628
297000 0.944610108059351 1.47880098662063
327701 0.776600382936522 1.28466371788818
360448 0.909502221325965 1.2950405096708
395307 0.612933727254131 1.04115116247158
432344 0.837079320075645 1.28915044942005
471625 0.482437655437025 0.882614226162332
513216 0.777738490090996 1.01641112411562
557183 0.101984970448029 0.370522067532875
603592 0.351641956134699 0.666420281850151
652509 0.238048347113363 0.532818494908497
704000 0.440110041643493 0.669282283832217
758131 0.215456885642197 0.502103351214828
814968 0.429035099243265 0.660638822648252
874577 0.346136557544014 0.581899949505896
937024 0.540770011193672 0.762186981701234
1002375 0.272773083799621 0.424470321659101
1070696 0.328807343397784 0.518007644923273
1142053 0.0514876437428029 0.139771041869608
1216512 0.0460750795846252 0.180172074376969
1294139 0.408571356869288 0.551046714312179
1375000 0.215460971208813 0.376863990199126
1459161 0.106173360598405 0.244881738850381
1546688 0.226782316552999 0.34808583629092
1637647 0.181680322455577 0.301130796018697
1732104 0.116813581158567 0.193881292301739
1830125 0.272983298971667 0.381383493060639
1931776 0.241882772679674 0.342528680032046
2037123 0.0835764044004463 0.19063393245051
2146232 0.184291584988387 0.265686861557697
2259169 0.0832652719327598 0.166940939789129
2376000 0.176926140535215 0.259317375057435
2496791 0.124701736538555 0.212207805827347
2621608 0.0475355763846892 0.130972868306344
2750517 0.135129696869626 0.204345840831593
2883584 0.0945395314556663 0.161338262894787
3020875 0.129208552230921 0.204224742750739
3162456 0.104872467176392 0.155815646925475
3308393 0.112509137630695 0.176983126786581
3458752 0.0336082707508467 0.105644575816768
3613599 0.00866925150694442 0.0487014106493007
3773000 0.110067173276548 0.169398597927284
3937021 0.0540524522839405 0.00183078562258743
4105728 0.00759011707668833 0.046932835415646
4279187 0.00156013148261991 0.0497751772854826
4457464 0.0835424563229026 0.13293618714124
4640625 0.0669144885850983 0.111278307274915
4828736 0.0808910481664498 0.118369777857879
5021863 0.122366359910302 0.165482467135007
5220072 0.00350666373924469 0.0449669717945653
5423429 0.0609419635766244 0.105081021534716
5632000 0.0799544789770152 0.117624397793406
5845851 0.00935623776604189 0.035392619229242


15 97.3597332277476 211.42592934786
120 30.4149941114992 82.4517452156008
405 15.9454056233436 27.6226712556505
960 11.3973063260539 4.61029829586512
1875 7.81706601741813 11.0566325183609
3240 5.98760397788082 12.7236827442382
5145 4.78510274758173 4.13331334145697
7680 3.9303711941231 1.37314809702044
10935 3.27761114803295 3.88369408097284
15000 2.77463192999239 0.858731478502676
19965 2.44523201664935 1.08745436842166
25920 2.14140501590945 0.682854168110055
32955 1.8977381343916 0.202082523998513
41160 1.69307221265232 0.764729066360118
50625 1.53361363194225 1.69858671081417
61440 1.38349417923745 0.410359268484335
73695 1.2663026148279 1.15629702082812
87480 1.164322954909 0.229069859012711
102885 1.0710362938482 1.27089985289282
120000 0.992403531161634 0.0581072129079914
138915 0.928309765573299 0.695993235025426
159720 0.860232024817799 2.16377592796996
182505 0.806578060527081 0.116771136903807
207360 0.75686739469945 0.620058348355741
234375 0.71176382563109 0.071353060839165
263640 0.670745508389605 0.248824835330829
295245 0.633820162745101 0.654569127201917
329280 0.600629500591738 0.320231661618621
365835 0.570259184836926 0.470160202421951
405000 0.541021687100553 0.984845315262525
446865 0.515619337015381 0.700340618752939
491520 0.491505939098469 0.246230621367687
539055 0.46900609849111 0.57552815586368
589560 0.44900801781942 0.235639879643131
643125 0.428528650420665 0.466830805083475
699840 0.41164926752216 0.379186683036579
759795 0.394921558336372 0.25818178489871
823080 0.379687189047926 0.0556012301571798
889785 0.365007430158916 0.743556070233957
960000 0.351698964654322 0.147996047868354
1033815 0.339209242305793 0.463476605645326
1111320 0.326710282140307 0.643465632891612
1192605 0.315082939489445 0.0826091006697851
1277760 0.304694223738029 0.174908885186703
1366875 0.294524297824666 0.689482636672558
1460040 0.285092002182369 0.365406536855303
1557345 0.276000150863305 0.109372673773848
1658880 0.266967100294132 0.395499859456145
1764735 0.259350783488114 0.179905642089665
1875000 0.251401205721143 0.515872233928839
1989765 0.244076435199252 0.160879862675557
2109120 0.237051989701857 0.161040256148937
2233155 0.23050140122723 0.0270912207425837
2361960 0.22394331599795 0.321787483896898
2495625 0.217958759382215 0.0273988459215317
2634240 0.212086879068706 0.165890141829038
2777895 0.206767937068948 0.62367078388128
2926680 0.201235551965759 0.434077798076778
3080685 0.196206861681619 0.163425958315244
3240000 0.191297686152733 0.202493302506973
3404715 0.186541819133166 0.168149409140298
3574920 0.182125183393621 0.0887860858056086
3750705 0.177769955189503 0.121496094242403
3932160 0.173703107681735 0.287219788189702
4119375 0.169701735548437 0.0708883266759841
4312440 0.165902841497272 0.0677625627011906
4511445 0.162187233416663 0.0627935157038948
4716480 0.158665181283584 0.139181313917675
4927635 0.155153648427688 0.140008596172891
5145000 0.151810126220735 0.0764088547421125
5368665 0.148677483916196 0.112197988733044
5598720 0.145572403150204 0.102610866301738
5835255 0.142549739637009 0.164101891733253
6078360 0.139730289726625 0.183500082352964
6328125 0.136826593726162 0.332634357336772
6584640 0.134259603006342 0.0352324153239039
6847995 0.131652124236981 0.0242582533653604
7118280 0.129075741928572 0.143392357459618
7395585 0.126640341768491 0.098046111033689
7680000 0.124305907376465 0.0394080563109895
7971615 0.121963009854733 0.204730119699363
8270520 0.119746370941929 0.18205543965032
8576805 0.117619214436152 0.0376296732303558
8890560 0.11549953085617 0.00561453102792342
9211875 0.113523892057517 0.0669167748153967
9540840 0.111529967697387 0.0693057473785359
9877545 0.109619451253797 0.0179902227089173
10222080 0.107705836679375 0.00187136237907026
10574535 0.105938422900263 0.0308940319672217
10935000 0.104147034248395 0.045888942916207
11303565 0.102443210817324 0.0951936978684245
11680320 0.100786708372065 0.15999993910772
12065355 0.0991510646725682 0.048190600984185
12458760 0.0975700233779313 0.0299524462383403
12860625 0.0960275007363254 0.0172959925903555
13271040 0.0945279493965492 0.0734781816858003
13690095 0.093096812633762 0.043821812350231
14117880 0.0916276196164324 0.0190232669922636
14554485 0.0902750169287674 0.0920810599861284
15000000 0.0889215897565105 0.0046161889197549


15 107.797107422958 63.3133115351838
120 4.63070650656152 4.19313490466506
405 6.36991160631797 1.98657237034149
960 6.38893166316871 4.59487832087434
1875 5.33791792255582 4.45991513260903
3240 3.56229783495876 2.74305145452153
5145 2.13185257269935 1.68589595623854
7680 0.907197398913866 0.490363062079538
10935 1.16093011157949 0.795304216521956
15000 0.509026571894317 0.455963686551002
19965 0.299526313364417 0.249019385794398
25920 0.40990495873676 0.264261611701997
32955 0.218075104790785 0.132868330876434
41160 0.184007402503134 0.135998214342365
50625 0.265115166739754 0.212853607464695
61440 0.125597094934278 0.0804614137851303
73695 0.0832669594054636 0.0450861726789782
87480 0.0655290523601693 0.0443130251361623
102885 0.145948055626341 0.116149116197661
120000 0.0689638358864642 0.0457034140090116
138915 0.0892441850574244 0.0610933247992591
159720 0.0623470155510972 0.0635277522975599
182505 0.0699303131810183 0.0547880751886822
207360 0.0497466229414272 0.0376070145729983
234375 0.0474014557372868 0.0482341958249464
263640 0.0591187961987316 0.0507996028507165
295245 0.0440026391048747 0.0323115441953234
329280 0.0474121496361946 0.0369387208967424
365835 0.0579420621393893 0.0506345868900127
405000 0.0501954928751402 0.0429897114214128
446865 0.048856679761812 0.0419439226602805
491520 0.0279691930793078 0.0195700866819806
539055 0.0204676372099328 0.0151406211486034
589560 0.0133491957719585 0.0055969250605159
643125 0.0032585719254854 0.00199210093755653
699840 0.00113005530509014 0.00385286033036181
759795 0.00419354298088592 0.008872379360227
823080 0.0048777443376764 0.000322305104987208
889785 0.00564181313966117 0.000657829330577897
960000 0.00151437846443514 0.00456198392301843
1033815 0.000927257696588413 0.00490983967149106
1111320 0.00141649615341777 0.00164192513660311
1192605 0.000881350017849059 0.00390794198311539
1277760 0.00225365152331847 0.00340967403156611
1366875 0.0102516830390016 0.00727905928616224
1460040 0.0134008050718393 0.0121550443196838
1557345 0.0120606192156885 0.0105375180243925
1658880 0.00761868383540332 0.00519602940350694
1764735 0.00636899827829041 0.00432079271365637
1875000 0.00279214261639282 0.00202818725981047
1989765 0.00342340416440834 0.0019720635278162
2109120 0.00154376041313498 0.000401942420126034
2233155 0.000982827403873898 0.00252139040039623
2361960 0.00284429335286518 0.00529836375772419
2495625 0.000386964450498795 0.000346325853421092
2634240 0.00324494366126515 0.00188894059947131
2777895 0.00376314435563074 0.00276247751831704
2926680 0.00399487302317425 0.00277111698255794
3080685 0.00527091768119448 0.00383307360714014
3240000 0.0033237882661723 0.00227413699380463
3404715 0.00133763106771312 0.00240929658819056
3574920 0.00229932804214172 0.00278975619360011
3750705 0.000811180446874005 0.000325388518142233
3932160 0.00124867695384268 2.22679191352881E-05
4119375 0.00296357148742743 0.00200481399656383
4312440 0.00291987110881564 0.00232444391852482
4511445 0.00184875651837046 0.000976363685964543
4716480 0.00171821479558787 0.00246498122803018
4927635 3.7854622831901E-06 0.00093071928271371
5145000 0.000330716669537878 0.00103016861496741
5368665 0.00319998924811671 0.00247546205015681
5598720 0.00291228202232929 0.00186523408078187
5835255 0.00172421865596561 0.0010994988855515
6078360 0.000129300448335812 0.000568416258325044
6328125 0.0020646997758007 0.00266177204068185
6584640 0.000840400871773284 0.0002243649173721
6847995 0.00166707158390267 0.00128213665524868
7118280 0.00235822095101668 0.00190534733934555
7395585 0.000752693839245921 0.00113670073307759
7680000 0.000355607491641763 0.000717344659832975
7971615 0.00224392287749708 0.00151155222631871
8270520 0.00102432657293861 0.000507203554548141
8576805 0.000319652565181627 8.40256293557218E-05
8890560 0.000505327030793978 0.000924408096558693
9211875 0.00141615897737779 0.00107066239918652
9540840 0.000898293076325274 0.000459091357640773
9877545 0.000967961692907693 0.000486131279188839
10222080 0.000493916953793416 0.000745714721503532
10574535 0.000533037390020752 0.00018198056484664
10935000 0.00166271334499868 0.00147799298063944
11303565 9.63429878382271E-05 0.000385117016897141
11680320 0.000488540310314534 2.55388922596467E-05
12065355 0.00135485964908355 0.00105398437501947
12458760 0.000516828046031037 0.000197255455915979
12860625 0.000379267351803492 0.000631456274561515
13271040 0.00125825666115276 0.000835862020593936
13690095 0.000477088682238502 0.000274214703267717
14117880 0.0003025793662772 0.000617247986298253
14554485 0.00126310393581264 0.001032928850492
15000000 0.000200885055036792 2.05441003657825E-05
