-3.96875 1.39968447557767
-3.90625 0.518813090168329
-3.84375 0.350403090426868
-3.78125 0.285316254198285
-3.71875 0.256351471776518
-3.65625 0.245769037098987
-3.59375 0.247515081179628
-3.53125 0.259836387465581
-3.46875 0.283399045984554
-3.40625 0.321137025880284
-3.34375 0.379303273491346
-3.28125 0.470579777044889
-3.21875 0.622896878239055
-3.15625 0.909684373467742
-3.09375 1.60138065758332
-3.03125 5.13557330871818
-2.96875 -5.55499776244887
-2.90625 -2.02661363347004
-2.84375 -1.34686187882828
-2.78125 -1.07885208618727
-2.71875 -0.953307035668925
-2.65625 -0.89859304189317
-2.59375 -0.889507322989287
-2.53125 -0.917547243237834
-2.46875 -0.983040440758923
-2.40625 -1.09387299440472
-2.34375 -1.26829532073669
-2.28125 -1.54408989342854
-2.21875 -2.00494932683195
-2.15625 -2.87119130375756
-2.09375 -4.95427140939842
-2.03125 -15.567206592052
-1.96875 16.4913996072701
-1.90625 5.88984587227231
-1.84375 3.83013846791791
-1.78125 3.00055736470833
-1.71875 2.59180350322489
-1.65625 2.38688776752873
-1.59375 2.30715961900346
-1.53125 2.32254145944577
-1.46875 2.42688108812359
-1.40625 2.63213189278635
-1.34375 2.97256715797661
-1.28125 3.52245506938386
-1.21875 4.4484813189084
-1.15625 6.19100624872724
-1.09375 10.3730057634279
-1.03125 31.6208883901054
-0.96875 -32.4674429768129
-0.90625 -11.2275186940191
-0.84375 -7.06181780022365
-0.78125 -5.34474280588672
-0.71875 -4.45466227116778
-0.65625 -3.95328286496946
-0.59375 -3.67703564278677
-0.53125 -3.55639160977633
-0.46875 -3.56448159818152
-0.40625 -3.7014354742308
-0.34375 -3.99438711853107
-0.28125 -4.51314555764807
-0.21875 -5.42158660741961
-0.15625 -7.15835097509087
-0.09375 -11.3454750537493
-0.03125 -32.6090411522962
0.03125 31.4528348390204
0.09375 10.1749386417863
0.15625 5.95840866743369
0.21875 4.17558024641921
0.28125 3.20178845348268
0.34375 2.5943418366147
0.40625 2.1832398763737
0.46875 1.88933301112117
0.53125 1.67085072122612
0.59375 1.50370813624555
0.65625 1.37307054896104
0.71875 1.26932216671272
0.78125 1.18597205029816
0.84375 1.11849232080377
0.90625 1.06363826803
0.96875 1.01903251835948
1.03125 0.982901088719387
1.09375 0.953900497667461
1.15625 0.931001354286515
1.21875 0.913408178904201
1.28125 0.900503002542003
1.34375 0.891805006336303
1.40625 0.886941199776816
1.46875 0.885624848963048
1.53125 0.887639445651378
1.59375 0.892826705895794
1.65625 0.901077547755684
1.71875 0.912325307324766
1.78125 0.926540664295439
1.84375 0.943727895678182
1.90625 0.963922180402188
1.96875 0.987187752160745
2.03125 1.01361674774187
2.09375 1.04332866932379
2.15625 1.07647031589378
2.21875 1.1132162180395
2.28125 1.15376947200694
2.34375 1.19836297726441
2.40625 1.24726106218615
2.46875 1.30076149691448
2.53125 1.35919790115367
2.59375 1.42294256252142
2.65625 1.49240968847035
2.71875 1.56805912196444
2.78125 1.65040055827625
2.84375 1.73999830765665
2.90625 1.83747665639167
2.96875 1.94352588706647
3.03125 2.05890901885067
3.09375 2.18446940139668
3.15625 2.32113911864597
3.21875 2.46994848377513
3.28125 2.63203660801583
3.34375 2.80866322796345
3.40625 3.00122193088542
3.46875 3.21125494550761
3.53125 3.44046968729523
3.59375 3.69075727153994
3.65625 3.96421323499937
3.71875 4.26316073784082
3.78125 4.59017655270582
3.84375 4.94812018739859
3.90625 5.34016653263829
3.96875 5.76984247722857
4.03125 6.24106796339109
4.09375 6.75820221057097
4.15625 7.32609534322634
4.21875 7.9501466821512
4.28125 8.63637012005196
4.34375 9.3914676685028
4.40625 10.2229122020785
4.46875 11.1390405922295
4.53125 12.1491585832613
4.59375 13.2636589445967
4.65625 14.4941546404665
4.71875 15.8536289938456
4.78125 17.3566050899189
4.84375 19.0193369703133
4.90625 20.8600255181183
4.96875 22.8990623315009
5.03125 25.1593052274203
5.09375 27.6663902995249
5.15625 30.4490837702845
5.21875 33.5396813153254
5.28125 36.9744595764724
5.34375 40.794187685059
5.40625 45.0447068904082
5.46875 49.7775876465257
5.53125 55.0508748304027
5.59375 60.9299332767409
5.65625 67.488407544672
5.71875 74.8093118147088
5.78125 82.9862680861747
5.84375 92.1249134499553
5.90625 102.344500198268
5.96875 113.779715959645
6.03125 126.582754425459
