-4 nan
-3.875 0.412196
-3.75 0.267866
-3.625 0.245277
-3.5 0.270088
-3.375 0.347084
-3.25 0.536251
-3.125 1.16685
-3 nan
-2.875 -1.59726
-2.75 -1.0045
-2.625 -0.889131
-2.5 -0.945309
-2.375 -1.17141
-2.25 -1.74281
-2.125 -3.64642
-2 nan
-1.875 4.59212
-1.75 2.76237
-1.625 2.33397
-1.5 2.36327
-1.375 2.7821
-1.25 3.92133
-1.125 7.74864
-1 nan
-0.875 -8.61022
-0.75 -4.83415
-0.625 -3.7927
-0.5 -3.54491
-0.375 -3.82538
-0.25 -4.90167
-0.125 -8.71722
0 inf
0.125 7.53394
0.25 3.62561
0.375 2.37044
0.5 1.77245
0.625 1.43452
0.75 1.22542
0.875 1.08965
1 1
1.125 0.941743
1.25 0.906402
1.375 0.888914
1.5 0.886227
1.625 0.896574
1.75 0.919063
1.875 0.953446
2 1
2.125 1.05946
2.25 1.133
2.375 1.22226
2.5 1.32934
2.625 1.45693
2.75 1.60836
2.875 1.78771
3 2
3.125 2.25135
3.25 2.54926
3.375 2.90286
3.5 3.32335
3.625 3.82445
3.75 4.42299
3.875 5.13967
4 6
