1 117 5.85
2 100 5
3 88 4.4
4 72 3.6
6 53 2.65
9 29.5 1.475
10 25.2 1.26
13 15.2 0.76
15 11.1 0.555


1 119.975700195713
1.14 117.131367446771
1.28 114.354466925967
1.42 111.643399978788
1.56 108.996605850936
1.7 106.412560789815
1.84 103.889777167302
1.98 101.42680262333
2.12 99.0222192297644
2.26 96.6746426741062
2.4 94.382721462547
2.54 92.1451361419173
2.68 89.960598540081
2.82 87.8278510243377
2.96 85.7456657774068
3.1 83.7128440905763
3.24 81.7282156736095
3.38 79.7906379810115
3.52 77.8989955542689
3.66 76.0521993796831
3.8 74.2491862614281
3.94 72.4889182094712
4.08 70.7703818420048
4.22 69.0925878020453
4.36 67.4545701878623
4.5 65.8553859969123
4.64 64.2941145829537
4.78 62.7698571260336
4.92 61.2817361150394
5.06 59.8288948425177
5.2 58.4104969114701
5.34 57.0257257538419
5.48 55.6737841604256
5.62 54.3538938219095
5.76 53.0652948808074
5.9 51.8072454940105
6.04 50.5790214057101
6.18 49.3799155304452
6.32 48.2092375460357
6.46 47.0663134961653
6.6 45.9504854023869
6.74 44.8611108853257
6.88 43.7975627948632
7.02 42.7592288490887
7.16 41.7455112818099
7.3 40.7558264984206
7.44 39.7896047399265
7.58 38.846289754937
7.72 37.9253384794319
7.86 37.0262207241215
8 36.1484188692178
8.14 35.2914275664418
8.28 34.4547534480962
8.42 33.6379148430347
8.56 32.8404414993652
8.7 32.0618743137269
8.84 31.3017650669858
8.98 30.5596761661961
9.12 29.8351803926788
9.26 29.1278606560733
9.4 28.4373097542195
9.54 27.7631301387325
9.68 27.1049336861349
9.82 26.4623414744152
9.96 25.8349835648837
10.1 25.2224987891991
10.24 24.6245345414453
10.38 24.0407465751368
10.52 23.4707988050373
10.66 22.9143631136757
10.8 22.3711191624501
10.94 21.8407542072096
11.08 21.3229629182084
11.22 20.8174472043281
11.36 20.3239160414672
11.5 19.8420853049997
11.64 19.3716776062054
11.78 18.912422132577
11.92 18.4640544919152
12.06 18.0263165601179
12.2 17.5989563325793
12.34 17.1817277791114
12.48 16.7743907023049
12.62 16.3767105992484
12.76 15.9884585265253
12.9 15.6094109684122
13.04 15.239349708201
13.18 14.8780617025723
13.32 14.5253389589469
13.46 14.1809784157451
13.6 13.8447818254843
13.74 13.516555640649
13.88 13.1961109022655
14.02 12.8832631311189
14.16 12.5778322215489
14.3 12.2796423377633
14.44 11.9885218126102
14.58 11.7043030487489
14.72 11.4268224221654
14.86 11.1559201879739
15 10.8914403884522


1 123.555477907737
1.14 120.626277315027
1.28 117.766520961112
1.42 114.974562491586
1.56 112.248794583113
1.7 109.58764801809
1.84 106.989590781259
1.98 104.453127177724
2.12 101.976796971888
2.26 99.5591745467953
2.4 97.1988680834103
2.54 94.8945187593493
2.68 92.6447999666103
2.82 90.4484165478485
2.96 88.3041040507568
3.1 86.2106280001247
3.24 84.1667831871533
3.38 82.1713929756205
3.52 80.2233086244938
3.66 78.3214086266034
3.8 76.4645980629933
3.94 74.6518079725794
4.08 72.8819947367512
4.22 71.1541394785631
4.36 69.46724747617
4.5 67.820347590168
4.64 66.2124917045123
4.78 64.6427541806889
4.92 63.1102313248272
5.06 61.6140408674455
5.2 60.1533214555309
5.34 58.7272321566604
5.48 57.3349519748784
5.62 55.9756793780515
5.76 54.648631836428
5.9 53.3530453721385
6.04 52.0881741193747
6.18 50.8532898949973
6.32 49.6476817793219
6.46 48.4706557068454
6.6 47.3215340666735
6.74 46.1996553124221
6.88 45.1043735813666
7.02 44.0350583226207
7.16 42.9910939341297
7.3 41.9718794082698
7.44 40.9768279858497
7.58 40.0053668183151
7.72 39.0569366379606
7.86 38.1309914359615
8 37.2269981480373
8.14 36.3444363475683
8.28 35.482797945987
8.42 34.6415869002733
8.56 33.8203189273836
8.7 33.0185212254498
8.84 32.2357322015893
8.98 31.4715012061666
9.12 30.7253882733557
9.26 29.9969638678527
9.4 29.2858086375937
9.54 28.5915131723347
9.68 27.9136777679552
9.82 27.2519121963495
9.96 26.6058354807736
10.1 25.9750756765176
10.24 25.3592696567782
10.38 24.7580629036077
10.52 24.1711093038185
10.66 23.5980709497272
10.8 23.0386179446214
10.94 22.4924282128394
11.08 21.9591873143521
11.22 21.4385882637404
11.36 20.9303313534647
11.5 20.4341239813239
11.64 19.9496804820052
11.78 19.4767219626273
11.92 19.0149761421822
12.06 18.5641771947843
12.2 18.1240655966344
12.34 17.6943879766131
12.48 17.2748969704155
12.62 16.865351078144
12.76 16.4655145252777
12.9 16.0751571269376
13.04 15.6940541553696
13.18 15.3219862105694
13.32 14.9587390939744
13.46 14.6041036851503
13.6 14.2578758214007
13.74 13.9198561802317
13.88 13.5898501646018
14.02 13.2676677908933
14.16 12.9531235795392
14.3 12.6460364482428
14.44 12.3462296077295
14.58 12.0535304599692
14.72 11.7677704988127
14.86 11.4887852129822
15 11.2164139913637


1 116.395922483688
1.14 113.636457578515
1.28 110.942412890823
1.42 108.312237465989
1.56 105.744417118759
1.7 103.237473561539
1.84 100.789963553345
1.98 98.4004780689357
2.12 96.0676414876409
2.26 93.7901108014172
2.4 91.5665748416837
2.54 89.3957535244854
2.68 87.2763971135517
2.82 85.2072855008269
2.96 83.1872275040567
3.1 81.215060181028
3.24 79.2896481600657
3.38 77.4098829864025
3.52 75.5746824840439
3.66 73.7829901327628
3.8 72.0337744598629
3.94 70.326028446363
4.08 68.6587689472585
4.22 67.0310361255274
4.36 65.4418928995547
4.5 63.8904244036567
4.64 62.3757374613952
4.78 60.8969600713784
4.92 59.4532409052516
5.06 58.0437488175898
5.2 56.6676723674093
5.34 55.3242193510234
5.48 54.0126163459727
5.62 52.7321082657675
5.76 51.4819579251868
5.9 50.2614456158825
6.04 49.0698686920454
6.18 47.9065411658931
6.32 46.7707933127494
6.46 45.6619712854852
6.6 44.5794367381003
6.74 43.5225664582293
6.88 42.4907520083598
7.02 41.4833993755567
7.16 40.4999286294901
7.3 39.5397735885714
7.44 38.6023814940033
7.58 37.6872126915589
7.72 36.7937403209032
7.86 35.9214500122816
8 35.0698395903983
8.14 34.2384187853153
8.28 33.4267089502053
8.42 32.634242785796
8.56 31.8605640713468
8.7 31.105227402004
8.84 30.3677979323824
8.98 29.6478511262256
9.12 28.9449725120019
9.26 28.2587574442939
9.4 27.5888108708454
9.54 26.9347471051303
9.68 26.2961896043145
9.82 25.672770752481
9.96 25.0641316489938
10.1 24.4699219018806
10.24 23.8897994261123
10.38 23.323430246666
10.52 22.770488306256
10.66 22.2306552776241
10.8 21.7036203802788
10.94 21.1890802015798
11.08 20.6867385220648
11.22 20.1963061449157
11.36 19.7175007294696
11.5 19.2500466286756
11.64 18.7936747304055
11.78 18.3481223025267
11.92 17.9131328416481
12.06 17.4884559254515
12.2 17.0738470685242
12.34 16.6690675816097
12.48 16.2738844341944
12.62 15.8880701203528
12.76 15.5114025277729
12.9 15.1436648098867
13.04 14.7846452610323
13.18 14.4341371945751
13.32 14.0919388239194
13.46 13.7578531463399
13.6 13.4316878295679
13.74 13.1132551010664
13.88 12.8023716399293
14.02 12.4988584713445
14.16 12.2025408635586
14.3 11.9132482272838
14.44 11.6308140174908
14.58 11.3550756375286
14.72 11.0858743455182
14.86 10.8230551629656
15 10.5664667855408


1 119.552271004985
1.14 116.660218579377
1.28 113.838126909531
1.42 111.084303596199
1.56 108.397097180447
1.7 105.774896153279
1.84 103.21612798922
1.98 100.719258203279
2.12 98.2827894307197
2.26 95.9052605291003
2.4 93.5852457020283
2.54 91.3213536441155
2.68 89.1122267066171
2.82 86.9565400832537
2.96 84.8530010157296
3.1 82.8003480184697
3.24 80.7973501221104
3.38 78.8428061352917
3.52 76.9355439243065
3.66 75.0744197101755
3.8 73.2583173827272
3.94 71.4861478312696
4.08 69.7568482914546
4.22 68.0693817079413
4.36 66.4227361124775
4.5 64.8159240170254
4.64 63.2479818215684
4.78 61.7179692362431
4.92 60.2249687174507
5.06 58.7680849176091
5.2 57.3464441482155
5.34 55.9591938558986
5.48 54.605502111145
5.62 53.2845571093937
5.76 51.9955666841995
5.9 50.7377578321736
6.04 49.5103762494155
6.18 48.3126858791599
6.32 47.1439684703654
6.46 46.0035231469821
6.6 44.8906659876382
6.74 43.8047296154946
6.88 42.7450627980212
7.02 41.7110300564549
7.16 40.702011284705
7.3 39.7174013774777
7.44 38.7566098673961
7.58 37.8190605708992
7.72 36.9041912427063
7.86 36.0114532386403
8 35.1403111866075
8.14 34.290242665537
8.28 33.460737892086
8.42 32.651299414925
8.56 31.861441816417
8.7 31.090691421515
8.84 30.3385860137001
8.98 29.6046745577917
9.12 28.8885169294635
9.26 28.189683651302
9.4 27.5077556352507
9.54 26.8423239312839
9.68 26.1929894821611
9.82 25.5593628841131
9.96 24.9410641533186
10.1 24.3377224980285
10.24 23.7489760962036
10.38 23.1744718785308
10.52 22.6138653166891
10.66 22.0668202167364
10.8 21.5330085174957
10.94 21.0121100938174
11.08 20.5038125646018
11.22 20.0078111054644
11.36 19.5238082659345
11.5 19.0515137910748
11.64 18.5906444474161
11.78 18.1409238531037
11.92 17.7020823121518
12.06 17.2738566527076
12.2 16.8559900692282
12.34 16.4482319684749
12.48 16.0503378192337
12.62 15.6620690056702
12.76 15.2831926842326
12.9 14.9134816440164
13.04 14.5527141705065
13.18 14.2006739126161
13.32 13.8571497529409
13.46 13.5219356811536
13.6 13.1948306704595
13.74 12.8756385570417
13.88 12.5641679224221
14.02 12.2602319786685
14.16 11.9636484563786
14.3 11.6742394953732
14.44 11.3918315380346
14.58 11.116255225224
14.72 10.847345294718
14.86 10.5849404821011
15 10.3288834240558


1 120.400629084255
1.14 117.604419115804
1.28 114.873148925884
1.42 112.205310339184
1.56 109.599430206581
1.7 107.054069591681
1.84 104.567822976258
1.98 102.139317484142
2.12 99.7672121231299
2.26 97.4501970445123
2.4 95.1869928197844
2.54 92.9763497341632
2.68 90.817047096509
2.82 88.7078925652745
2.96 86.6477214901075
3.1 84.6353962687446
3.24 82.6698057188409
3.38 80.7498644643882
3.52 78.8745123363824
3.66 77.0427137874117
3.8 75.2534573198385
3.94 73.5057549272631
4.08 71.7986415489577
4.22 70.131174536971
4.36 68.5024331356098
4.5 66.911517973008
4.64 65.357550564504
4.78 63.839672827552
4.92 62.3570466078989
5.06 60.908853216765
5.2 59.4942929787745
5.34 58.1125847903831
5.48 56.7629656885625
5.62 55.4446904295011
5.76 54.1570310770889
5.9 52.89927660096
6.04 51.6707324838695
6.18 50.47072033819
6.32 49.2985775313132
6.46 48.1536568197524
6.6 47.0353259917421
6.74 45.942967518138
6.88 44.8759782114248
7.02 43.8337688926432
7.16 42.8157640660521
7.3 41.8214016013463
7.44 40.8501324232555
7.58 39.9014202083508
7.72 38.9747410888932
7.86 38.0695833635602
8 37.1854472148905
8.14 36.3218444332902
8.28 35.4782981474496
8.42 34.6543425610203
8.56 33.8495226954079
8.7 33.0633941385382
8.84 32.2955227994582
8.98 31.5454846686359
9.12 30.8128655838276
9.26 30.0972610013819
9.4 29.3982757728558
9.54 28.7155239268185
9.68 28.048628455722
9.82 27.3972211077223
9.96 26.7609421833351
10.1 26.1394403368139
10.24 25.5323723821408
10.38 24.9394031035236
10.52 24.3602050702933
10.66 23.7944584561009
10.8 23.2418508623126
10.94 22.7020771455078
11.08 22.1748392489816
11.22 21.659846038162
11.36 21.1568131398485
11.5 20.6654627851846
11.64 20.1855236562773
11.78 19.7167307363783
11.92 19.2588251635449
12.06 18.8115540876997
12.2 18.3746705310094
12.34 17.9479332515068
12.48 17.5311066098799
12.62 17.1239604393543
12.76 16.7262699185982
12.9 16.3378154475783
13.04 15.9583825262996
13.18 15.5877616363609
13.32 15.225748125261
13.46 14.8721420933923
13.6 14.5267482836584
13.74 14.1893759736556
13.88 13.859838870358
14.02 13.5379550072488
14.16 13.2235466438405
14.3 12.9164401675287
14.44 12.6164659977254
14.58 12.3234584922183
14.72 12.0372558557054
14.86 11.7577000504532
15 11.4846367090306


