-3.96875 -0.999999980022277
-3.90625 -0.999999966831273
-3.84375 -0.99999994534679
-3.78125 -0.999999910626416
-3.71875 -0.999999854951909
-3.65625 -0.999999766370856
-3.59375 -0.999999626528819
-3.53125 -0.999999407476895
-3.46875 -0.999999067014773
-3.40625 -0.999998541962073
-3.34375 -0.999997738529713
-3.28125 -0.999996518675224
-3.21875 -0.999994680956779
-3.15625 -0.999991933935007
-3.09375 -0.99998785959423
-3.03125 -0.999981863552391
-2.96875 -0.99997310799212
-2.90625 -0.999960422271747
-2.84375 -0.999942185072323
-2.78125 -0.999916170727611
-2.71875 -0.99987935111042
-2.65625 -0.999827643177119
-2.59375 -0.999755591098111
-2.53125 -0.999655970953862
-2.46875 -0.999519305417082
-2.40625 -0.999333275869388
-2.34375 -0.9990820202428
-2.28125 -0.99874530678118
-2.21875 -0.998297577138918
-2.15625 -0.997706857013839
-2.09375 -0.996933539047404
-2.03125 -0.995929051142677
-1.96875 -0.994634433664726
-1.90625 -0.992978861067285
-1.84375 -0.990878157019788
-1.78125 -0.988233366566433
-1.71875 -0.984929463483104
-1.65625 -0.98083428483285
-1.59375 -0.97579779657727
-1.53125 -0.969651802646473
-1.46875 -0.962210213692685
-1.40625 -0.953269989464677
-1.34375 -0.942612859103685
-1.28125 -0.930007905727592
-1.21875 -0.91521507492348
-1.15625 -0.897989631261869
-1.09375 -0.878087543408649
-1.03125 -0.855271728315962
-0.96875 -0.829319030548979
-0.90625 -0.800027756976023
-0.84375 -0.767225533305043
-0.78125 -0.730777201141808
-0.71875 -0.690592436319856
-0.65625 -0.646632744934609
-0.59375 -0.598917485973922
-0.53125 -0.547528580962327
-0.46875 -0.492613602747862
-0.40625 -0.434386987204493
-0.34375 -0.37312918146381
-0.28125 -0.309183627125788
-0.21875 -0.242951572212135
-0.15625 -0.174884805858601
-0.09375 -0.105476508680438
-0.03125 -0.0352505029818697
0.03125 0.0352505029818697
0.09375 0.105476508680438
0.15625 0.174884805858601
0.21875 0.242951572212135
0.28125 0.309183627125788
0.34375 0.37312918146381
0.40625 0.434386987204493
0.46875 0.492613602747862
0.53125 0.547528580962327
0.59375 0.598917485973922
0.65625 0.646632744934609
0.71875 0.690592436319856
0.78125 0.730777201141808
0.84375 0.767225533305043
0.90625 0.800027756976023
0.96875 0.829319030548979
1.03125 0.855271728315962
1.09375 0.878087543408649
1.15625 0.897989631261869
1.21875 0.91521507492348
1.28125 0.930007905727592
1.34375 0.942612859103685
1.40625 0.953269989464677
1.46875 0.962210213692685
1.53125 0.969651802646473
1.59375 0.97579779657727
1.65625 0.98083428483285
1.71875 0.984929463483104
1.78125 0.988233366566433
1.84375 0.990878157019788
1.90625 0.992978861067285
1.96875 0.994634433664726
2.03125 0.995929051142677
2.09375 0.996933539047404
2.15625 0.997706857013839
2.21875 0.998297577138918
2.28125 0.99874530678118
2.34375 0.9990820202428
2.40625 0.999333275869388
2.46875 0.999519305417082
2.53125 0.999655970953862
2.59375 0.999755591098111
2.65625 0.999827643177119
2.71875 0.99987935111042
2.78125 0.999916170727611
2.84375 0.999942185072323
2.90625 0.999960422271747
2.96875 0.99997310799212
3.03125 0.999981863552391
3.09375 0.99998785959423
3.15625 0.999991933935007
3.21875 0.999994680956779
3.28125 0.999996518675224
3.34375 0.999997738529713
3.40625 0.999998541962073
3.46875 0.999999067014773
3.53125 0.999999407476895
3.59375 0.999999626528819
3.65625 0.999999766370856
3.71875 0.999999854951909
3.78125 0.999999910626416
3.84375 0.99999994534679
3.90625 0.999999966831273
3.96875 0.999999980022277
4.03125 0.99999998805834
4.09375 0.999999992915935
4.15625 0.999999995829414
4.21875 0.999999997563277
4.28125 0.999999998587112
4.34375 0.999999999186983
4.40625 0.99999999953572
4.46875 0.999999999736885
4.53125 0.999999999852022
4.59375 0.99999999991741
4.65625 0.999999999954255
4.71875 0.999999999974856
4.78125 0.999999999986285
4.84375 0.999999999992576
4.90625 0.999999999996012
4.96875 0.999999999997874
5.03125 0.999999999998875
5.09375 0.99999999999941
5.15625 0.999999999999692
5.21875 0.999999999999841
5.28125 0.999999999999918
5.34375 0.999999999999958
5.40625 0.999999999999979
5.46875 0.999999999999989
5.53125 0.999999999999995
5.59375 0.999999999999997
5.65625 0.999999999999999
5.71875 0.999999999999999
5.78125 1
5.84375 1
5.90625 1
5.96875 1
6.03125 1
