-4.984375 -0.601571091866712
-4.921875 -2.09525198236195
-4.859375 -2.55497518689338
-4.796875 -2.78197476681235
-4.734375 -2.89625544773175
-4.671875 -2.93943460344332
-4.609375 -2.93024706848282
-4.546875 -2.87793990213666
-4.484375 -2.78672983206824
-4.421875 -2.6574019497219
-4.359375 -2.48757599117743
-4.296875 -2.27085750035313
-4.234375 -1.99414353135203
-4.171875 -1.63008429398332
-4.109375 -1.1113696249723
-4.046875 -0.185007636723265
-3.984375 1.00473692755846
-3.921875 -0.501562426895986
-3.859375 -0.974065358073816
-3.796875 -1.21401010258483
-3.734375 -1.34140572558206
-3.671875 -1.39787411341231
-3.609375 -1.40215479550268
-3.546875 -1.36349971832484
-3.484375 -1.28613069966829
-3.421875 -1.17083813543833
-3.359375 -1.01524729271573
-3.296875 -0.81296948604623
-3.234375 -0.550907793832002
-3.171875 -0.201718718942747
-3.109375 0.301901323845793
-3.046875 1.2129373416166
-2.984375 2.38711738935722
-2.921875 0.865007428876127
-2.859375 0.376439895194489
-2.796875 0.120168257396048
-2.734375 -0.0238252570102186
-2.671875 -0.0971716826278223
-2.609375 -0.118620168340554
-2.546875 -0.0974327842031102
-2.484375 -0.0378420115678434
-2.421875 0.059350511018497
-2.359375 0.196507652052256
-2.296875 0.380005564070164
-2.234375 0.622927916073694
-2.171875 0.952604176739368
-2.109375 1.43632306521062
-2.046875 2.32705381682067
-1.984375 3.48050773404418
-1.921875 1.93723296237104
-1.859375 1.42704296467624
-1.796875 1.14867097987713
-1.734375 0.982077633553625
-1.671875 0.885608790515166
-1.609375 0.840490560716529
-1.546875 0.83743433324398
-1.484375 0.872179107292716
-1.421875 0.943892544578072
-1.359375 1.05490440550751
-1.296875 1.21155506748923
-1.234375 1.42688946297393
-1.171875 1.72819502651039
-1.109375 2.18271476028937
-1.046875 3.04336805666215
-0.984375 4.1658117371431
-0.921875 2.59053423438378
-0.859375 2.0472833744281
-0.796875 1.73472002488071
-0.734375 1.53272475150629
-0.671875 1.3995545416174
-0.609375 1.31633646558649
-0.546875 1.2736711000189
-0.484375 1.26717291553359
-0.421875 1.29586896773525
-0.359375 1.36192944080242
-0.296875 1.47151259192616
-0.234375 1.63745423208128
-0.171875 1.88680005668703
-0.109375 2.28651155397102
-0.046875 3.08917759269344
0.015625 4.15006336281286
0.078125 2.50918857772702
0.140625 1.89573345923467
0.203125 1.50766255729333
0.265625 1.22398925299675
0.328125 1.00187155716158
0.390625 0.821015011615264
0.453125 0.670136061434348
0.515625 0.542277019950145
0.578125 0.432822733654852
0.640625 0.338540556609152
0.703125 0.257068470910831
0.765625 0.186621332920586
0.828125 0.125812229119374
0.890625 0.0735386025349575
0.953125 0.02890678072229
1.015625 -0.00881972054680699
1.078125 -0.0402565931985491
1.140625 -0.0659250467887836
1.203125 -0.0862711686048002
1.265625 -0.101680486306708
1.328125 -0.112489088474667
1.390625 -0.118992246876207
1.453125 -0.121451191938849
1.515625 -0.120098501943047
1.578125 -0.115142437060595
1.640625 -0.106770460046212
1.703125 -0.0951521226785206
1.765625 -0.0804414523284592
1.828125 -0.0627789406881757
1.890625 -0.0422932129901643
1.953125 -0.0191024384640707
2.015625 0.00668446598915829
2.078125 0.0349668280390384
2.140625 0.0656513109999357
2.203125 0.0986511698892118
2.265625 0.133885585006059
2.328125 0.171279084655978
2.390625 0.210761039496261
2.453125 0.252265217854735
2.515625 0.295729393200664
2.578125 0.341094996420992
2.640625 0.38830680675164
2.703125 0.437312676190951
2.765625 0.48806328302421
2.828125 0.540511910749909
2.890625 0.594614249246905
2.953125 0.650328215478559
3.015625 0.707613786991159
3.078125 0.76643287290112
3.140625 0.826749153468389
3.203125 0.888527976907708
3.265625 0.951736244066962
3.328125 1.01634230724176
3.390625 1.08231587752902
3.453125 1.14962793984337
3.515625 1.21825067482546
3.578125 1.2881573869619
3.640625 1.35932243831504
3.703125 1.43172118732906
3.765625 1.50532993223837
3.828125 1.58012585865606
3.890625 1.65608699096556
3.953125 1.73319214717853
4.015625 1.81142089253637
4.078125 1.89075351827944
4.140625 1.97117097816779
4.203125 2.05265487268644
4.265625 2.1351874126721
4.328125 2.21875138959152
4.390625 2.30333014770981
4.453125 2.38890755800145
4.515625 2.4754679936702
4.578125 2.56299630715647
4.640625 2.65147780852107
4.703125 2.74089824510452
4.765625 2.83124378236935
4.828125 2.92250098584112
4.890625 3.01465680407059
4.953125 3.10769855254638
5.015625 3.20161389407192
5.078125 3.29639084224246
5.140625 3.39201772079434
5.203125 3.48848316892861
5.265625 3.58577612449739
5.328125 3.68388581241918
5.390625 3.78280173368389
5.453125 3.88251365491043
5.515625 3.98301159842296
5.578125 4.08428583281386
5.640625 4.1863268639641
5.703125 4.28912542649372
5.765625 4.39267247561709
5.828125 4.49695917937919
5.890625 4.60197691125108
5.953125 4.70771724306399
6.015625 4.81417193384226
6.078125 4.92133294121252
6.140625 5.02919238820004
6.203125 5.13774257554938
6.265625 5.24697597149008
6.328125 5.35688520634303
6.390625 5.46746306735557
6.453125 5.57870249375319
6.515625 5.69059657199659
6.578125 5.80313853123383
6.640625 5.91632173893731
6.703125 6.03013969671654
6.765625 6.14458603629795
6.828125 6.25965451566333
6.890625 6.37533901533941
6.953125 6.49163353483102
7.015625 6.60853218477038
7.078125 6.7260292014713
7.140625 6.84411891670963
7.203125 6.9627957728769
7.265625 7.08205431543698
7.328125 7.2018891900899
7.390625 7.3222951400387
7.453125 7.44326700335455
7.515625 7.56479971043572
7.578125 7.68688828155654
7.640625 7.80952782450205
7.703125 7.93271353228489
7.765625 8.05644068094076
7.828125 8.18070462739925
7.890625 8.30550080742659
7.953125 8.43082473363758
8.015625 8.55667198915296
8.078125 8.68303824359466
8.140625 8.80991922424417
8.203125 8.93731073251388
8.265625 9.06520863766466
8.328125 9.1936088751765
8.390625 9.32250744517096
8.453125 9.45190041088322
8.515625 9.58178389718181
8.578125 9.71215408913435
8.640625 9.84300723061725
8.703125 9.97433962296791
8.765625 10.1061476236777
8.828125 10.2384276451244
8.890625 10.3711761533423
8.953125 10.5043896668284
9.015625 10.6380647509641
9.078125 10.7721980347434
9.140625 10.9067861826379
9.203125 11.0418259117458
9.265625 11.1773139861633
9.328125 11.3132472159827
9.390625 11.4496224563202
9.453125 11.58643660637
9.515625 11.7236866084854
9.578125 11.8613694472842
9.640625 11.9994821487799
9.703125 12.1380217795355
9.765625 12.2769854458407
9.828125 12.4163702929112
9.890625 12.5561735041089
9.953125 12.6963923001835
10.015625 12.8370239385333
