-3.99609375 10.7298577155679
-3.98828125 3.61963010018115
-3.98046875 2.19830664702954
-3.97265625 1.58969734814518
-3.96484375 1.25200374048945
-3.95703125 1.03746296996754
-3.94921875 0.88924348931202
-3.94140625 0.780824198255158
-3.93359375 0.698164779428999
-3.92578125 0.633136875274808
-3.91796875 0.580708878649658
-3.91015625 0.537599528819827
-3.90234375 0.50157778185081
-3.89453125 0.471073850177711
-3.88671875 0.444951191777956
-3.87890625 0.422366762055647
-3.87109375 0.402682083677413
-3.86328125 0.385404807206222
-3.85546875 0.370149225501887
-3.84765625 0.356608938000036
-3.83984375 0.344537516159244
-3.83203125 0.333734565074208
-3.82421875 0.324035502478076
-3.81640625 0.315303947857702
-3.80859375 0.307425975967641
-3.80078125 0.300305722980583
-3.79296875 0.293861988008874
-3.78515625 0.288025576666128
-3.77734375 0.282737204451278
-3.76953125 0.277945827155314
-3.76171875 0.273607300326877
-3.75390625 0.269683294715912
-3.74609375 0.266140412607213
-3.73828125 0.262949463114917
-3.73046875 0.260084864235582
-3.72265625 0.257524146718717
-3.71484375 0.255247540284676
-3.70703125 0.253237626878399
-3.69921875 0.251479048834302
-3.69140625 0.249958262288889
-3.68359375 0.248663328092569
-3.67578125 0.247583733972337
-3.66796875 0.246710242880208
-3.66015625 0.246034763401416
-3.65234375 0.245550238846401
-3.64453125 0.245250552253093
-3.63671875 0.245130445012958
-3.62890625 0.24518544722986
-3.62109375 0.245411818244345
-3.61328125 0.245806496021775
-3.60546875 0.246367054934226
-3.59765625 0.247091667363379
-3.58984375 0.247979079932063
-3.58203125 0.249028577356736
-3.57421875 0.250239977892266
-3.56640625 0.251613609288063
-3.55859375 0.253150300760427
-3.55078125 0.254851376646052
-3.54296875 0.256718653893113
-3.53515625 0.258754443259522
-3.52734375 0.260961554142617
-3.51953125 0.263343303016275
-3.51171875 0.265903525501307
-3.50390625 0.268646592144305
-3.49609375 0.271577428029793
-3.48828125 0.274701536401834
-3.48046875 0.278025026525145
-3.47265625 0.281554646073525
-3.46484375 0.285297818396214
-3.45703125 0.289262685082131
-3.44921875 0.293458154319326
-3.44140625 0.297893955634278
-3.43359375 0.302580701694999
-3.42578125 0.307529957975738
-3.41796875 0.312754321212459
-3.41015625 0.318267507730649
-3.40234375 0.32408445290477
-3.39453125 0.33022142321696
-3.38671875 0.336696142627693
-3.37890625 0.343527935260816
-3.37109375 0.350737886749175
-3.36328125 0.358349026996576
-3.35546875 0.366386537601829
-3.34765625 0.374877987779022
-3.33984375 0.383853603317843
-3.33203125 0.393346573987232
-3.32421875 0.40339340583105
-3.31640625 0.414034326081793
-3.30859375 0.425313749986369
-3.30078125 0.437280820772243
-3.29296875 0.449990036380339
-3.28515625 0.463501979580381
-3.27734375 0.477884171831082
-3.26953125 0.493212075971629
-3.26171875 0.509570278823808
-3.25390625 0.527053892436419
-3.24609375 0.545770222542144
-3.23828125 0.565840765538519
-3.23046875 0.587403611933282
-3.22265625 0.610616356073927
-3.21484375 0.6356596410214
-3.20703125 0.662741506330432
-3.19921875 0.692102759131884
-3.19140625 0.724023660879696
-3.18359375 0.758832321654092
-3.17578125 0.796915333253383
-3.16796875 0.838731369975777
-3.16015625 0.884828770443446
-3.15234375 0.93586852955651
-3.14453125 0.99265474765004
-3.13671875 1.05617552060168
-3.12890625 1.12765869485508
-3.12109375 1.20864921526487
-3.11328125 1.3011184689035
-3.10546875 1.40762223224117
-3.09765625 1.53153443228743
-3.08984375 1.67740287065609
-3.08203125 1.85150821918098
-3.07421875 2.06277606613528
-3.06640625 2.32433276063023
-3.05859375 2.65630591471496
-3.05078125 3.09121009398561
-3.04296875 3.68520755210274
-3.03515625 4.54438359310623
-3.02734375 5.89606521300299
-3.01953125 8.33130454104403
-3.01171875 14.0172960521664
-3.00390625 42.4588003476909
-2.99609375 -42.8775174520812
-2.98828125 -14.4361028925577
-2.98046875 -8.75029093394746
-2.97265625 -6.31532112184823
-2.96484375 -4.9639992180346
-2.95703125 -4.10527459819828
-2.94921875 -3.5118180775729
-2.94140625 -3.07754625293944
-2.93359375 -2.74629738485775
-2.92578125 -2.485557562291
-2.91796875 -2.27519986066865
-2.91015625 -2.10209872332015
-2.90234375 -1.95732944127055
-2.89453125 -1.83461231010422
-2.88671875 -1.72940058539034
-2.87890625 -1.6383214890121
-2.87109375 -1.55882048730778
-2.86328125 -1.48892753238007
-2.85546875 -1.42709910581263
-2.84765625 -1.37210892535096
-2.83984375 -1.32297052829681
-2.83203125 -1.27888156832239
-2.82421875 -1.23918291684853
-2.81640625 -1.20332821787594
-2.80859375 -1.17086090031638
-2.80078125 -1.1413966007673
-2.79296875 -1.11460956766077
-2.78515625 -1.09022203345475
-2.77734375 -1.06799582598741
-2.76953125 -1.04772568778613
-2.76171875 -1.02923391146608
-2.75390625 -1.01236599888415
-2.74609375 -0.996987123684295
-2.73828125 -0.98297922950541
-2.73046875 -0.970238635029106
-2.72265625 -0.9586740460876
-2.71484375 -0.948204896935435
-2.70703125 -0.938759959421273
-2.69921875 -0.930276171541838
-2.69140625 -0.922697646703433
-2.68359375 -0.915974831846502
-2.67578125 -0.9100637944104
-2.66796875 -0.904925605286233
-2.66015625 -0.900525818079591
-2.65234375 -0.896834018426052
-2.64453125 -0.893823446120487
-2.63671875 -0.891470627388081
-2.62890625 -0.8897551412755
-2.62109375 -0.888659338368421
-2.61328125 -0.888168138211151
-2.60546875 -0.888268848377221
-2.59765625 -0.888951010339678
-2.58984375 -0.890206268926102
-2.58203125 -0.892028263247606
-2.57421875 -0.894412536017221
-2.56640625 -0.897356462267828
-2.55859375 -0.900859190182156
-2.55078125 -0.904921600466146
-2.54296875 -0.909546277747605
-2.53515625 -0.914737495569558
-2.52734375 -0.920501214136776
-2.51953125 -0.926845052765158
-2.51171875 -0.933778463597292
-2.50390625 -0.941312539789804
-2.49609375 -0.94946021448841
-2.48828125 -0.95823628371316
-2.48046875 -0.967657480743819
-2.47265625 -0.977742564921047
-2.46484375 -0.988512425830657
-2.45703125 -0.999990204055936
-2.44921875 -1.01220142992374
-2.44140625 -1.02517418193936
-2.43359375 -1.03893926690976
-2.42578125 -1.05353042410188
-2.41796875 -1.06898455618202
-2.41015625 -1.08534199014382
-2.40234375 -1.10264677196952
-2.39453125 -1.12094699939763
-2.38671875 -1.14029519790844
-2.37890625 -1.16074874591061
-2.37109375 -1.18237035614607
-2.36328125 -1.20522862156092
-2.35546875 -1.22939863536226
-2.34765625 -1.25496269674762
-2.33984375 -1.28201111592418
-2.33203125 -1.31064313461486
-2.32421875 -1.34096798138581
-2.31640625 -1.37310608496277
-2.30859375 -1.40719069423922
-2.30078125 -1.44336861494716
-2.29296875 -1.48180141625434
-2.28515625 -1.52267670953983
-2.27734375 -1.56619099039935
-2.26953125 -1.61257235544447
-2.26171875 -1.66207504043434
-2.25390625 -1.71498406370006
-2.24609375 -1.77162141895076
-2.23828125 -1.83235165391211
-2.23046875 -1.89758912630355
-2.22265625 -1.96780673268931
-2.21484375 -2.04354654282507
-2.20703125 -2.12543284278546
-2.19921875 -2.21418824805643
-2.19140625 -2.31065376367848
-2.18359375 -2.41581396711432
-2.17578125 -2.53082890753654
-2.16796875 -2.65707490823872
-2.16015625 -2.79619731222579
-2.15234375 -2.95017945824628
-2.14453125 -3.12143402848529
-2.13671875 -3.31292571655588
-2.12890625 -3.52833850316434
-2.12109375 -3.77230768483026
-2.11328125 -4.05074791573959
-2.10546875 -4.37132704730492
-2.09765625 -4.74416741213978
-2.08984375 -5.18291299686857
-2.08203125 -5.70640642966354
-2.07421875 -6.34142511968379
-2.06640625 -7.12734879117512
-2.05859375 -8.12456104727318
-2.05078125 -9.43060622630685
-2.04296875 -11.2139719229325
-2.03515625 -13.7929148750315
-2.02734375 -17.8494169480238
-2.01953125 -25.1566354895659
-2.01171875 -42.2161551168092
-2.00390625 -127.542260993349
-1.99609375 128.465067261236
-1.98828125 43.1391373152085
-1.98046875 26.0799696927708
-1.97265625 18.7732795181827
-1.96484375 14.7174826067476
-1.95703125 12.1394221886827
-1.94921875 10.3571171229534
-1.94140625 9.05231154394805
-1.93359375 8.05651887882141
-1.92578125 7.27219596254563
-1.91796875 6.63896051902147
-1.91015625 6.117434307326
-1.90234375 5.68084156077512
-1.89453125 5.31034145601383
-1.88671875 4.99229197710364
-1.87890625 4.71657293186075
-1.87109375 4.47551878328443
-1.86328125 4.26321737019947
-1.85546875 4.07503607270846
-1.84765625 3.90729377576582
-1.83984375 3.75702884631999
-1.83203125 3.62183186396785
-1.82421875 3.49972295976535
-1.81640625 3.38906047161587
-1.80859375 3.28847199305342
-1.80078125 3.19680161054078
-1.79296875 3.11306912715731
-1.78515625 3.03643816869017
-1.77734375 2.96619101111215
-1.76953125 2.90170853151028
-1.76171875 2.84245410683958
-1.75390625 2.78796058346828
-1.74609375 2.73781965638728
-1.73828125 2.69167315486065
-1.73046875 2.64920584800722
-1.72265625 2.61013947093025
-1.71484375 2.5742277376576
-1.70703125 2.54125215704846
-1.69921875 2.51101882227253
-1.69140625 2.48335415580668
-1.68359375 2.45810428370418
-1.67578125 2.43513159183282
-1.66796875 2.41431319484329
-1.66015625 2.39553934632873
-1.65234375 2.37871207066015
-1.64453125 2.36374398300075
-1.63671875 2.35055726982347
-1.62890625 2.33908280698089
-1.62109375 2.32925939623157
-1.61328125 2.32103310428876
-1.60546875 2.31435669106473
-1.59765625 2.30918911594439
-1.58984375 2.30549511272358
-1.58203125 2.30324482535701
-1.57421875 2.30241322962437
-1.56640625 2.30298094663154
-1.55859375 2.30493241101695
-1.55078125 2.30824983577541
-1.54296875 2.31294062107577
-1.53515625 2.31900220716539
-1.52734375 2.3264227217934
-1.51953125 2.33521490392074
-1.51171875 2.34538870733991
-1.50390625 2.35695818584647
-1.49609375 2.36994154369493
-1.48828125 2.38436121633389
-1.48046875 2.4002439821482
-1.47265625 2.41762110635954
-1.46484375 2.43652851868135
-1.45703125 2.45700702679834
-1.44921875 2.4791025682565
-1.44140625 2.50286650391761
-1.43359375 2.52835595676775
-1.42578125 2.5556342005865
-1.41796875 2.58477110380188
-1.41015625 2.61584363479724
-1.40234375 2.64893643602618
-1.39453125 2.68414247556209
-1.38671875 2.72156378619807
-1.37890625 2.76131230396736
-1.37109375 2.80351082003183
-1.36328125 2.84829406235618
-1.35546875 2.89580992653685
-1.34765625 2.94622087869564
-1.33984375 2.99970555761489
-1.33203125 3.05646060845643
-1.32421875 3.11670278668598
-1.31640625 3.18067137849577
-1.30859375 3.24863099343171
-1.30078125 3.32087479654271
-1.29296875 3.3977282617632
-1.28515625 3.4795535461798
-1.27734375 3.56675460731779
-1.26953125 3.65978321393054
-1.26171875 3.75914603673592
-1.25390625 3.86541305146057
-1.24609375 3.97922754558654
-1.23828125 4.1013180966464
-1.23046875 4.2325129896869
-1.22265625 4.37375767280061
-1.21484375 4.52613602386774
-1.20703125 4.6908964350672
-1.19921875 4.8694840375153
-1.19140625 5.06358082019469
-1.18359375 5.2751559945128
-1.17578125 5.50652979187349
-1.16796875 5.76045098682383
-1.16015625 6.0402227917513
-1.15234375 6.34980000004224
-1.14453125 6.69401248948343
-1.13671875 7.07879015382853
-1.12890625 7.5115015348861
-1.12109375 8.00141788001666
-1.11328125 8.56036992163445
-1.10546875 9.20369280319322
-1.09765625 9.95163272240565
-1.08984375 10.8314786144445
-1.08203125 11.8809167636127
-1.07421875 13.1535030923939
-1.06640625 14.7279982300063
-1.05859375 16.7251706399471
-1.05078125 19.3401103315189
-1.04296875 22.9097938985262
-1.03515625 28.0707358165044
-1.02734375 36.1869024850094
-1.01953125 50.8046095509424
-1.01171875 84.9270275241462
-1.00390625 255.582724083847
-0.99609375 -256.428307942531
-0.98828125 -85.7727345362622
-0.98046875 -51.6505629601012
-0.97265625 -37.0332257153643
-0.96484375 -28.9175525634281
-0.95703125 -23.7572276207181
-0.94921875 -20.1882860635687
-0.94140625 -17.5742134738788
-0.93359375 -15.5780338862203
-0.92578125 -14.0046580196754
-0.91796875 -12.7333182380522
-0.91015625 -11.685254838733
-0.90234375 -10.8069129262594
-0.89453125 -10.0606073453743
-0.88671875 -9.41905040357984
-0.87890625 -8.86199789776987
-0.87109375 -8.37411477062673
-0.86328125 -7.94357254502985
-0.85546875 -7.56110164765327
-0.84765625 -7.21933532835726
-0.83984375 -6.91234560624329
-0.83203125 -6.63530872223349
-0.82421875 -6.38425980743214
-0.81640625 -6.1559101925378
-0.80859375 -5.94750946105281
-0.80078125 -5.75673996387626
-0.79296875 -5.58163522078099
-0.78515625 -5.42051612869151
-0.77734375 -5.27194060338682
-0.76953125 -5.13466346727097
-0.76171875 -5.00760423190119
-0.75390625 -4.88982136601789
-0.74609375 -4.78048966748563
-0.73828125 -4.67888485569087
-0.73046875 -4.58436781412503
-0.72265625 -4.49637295692671
-0.71484375 -4.41439823286997
-0.70703125 -4.33799673381003
-0.69921875 -4.26676961624865
-0.69140625 -4.2003601037211
-0.68359375 -4.1384483836286
-0.67578125 -4.08074724810785
-0.66796875 -4.02699835688352
-0.66015625 -3.97696902254229
-0.65234375 -3.93044943661539
-0.64453125 -3.88725026925983
-0.63671875 -3.8472005869501
-0.62890625 -3.81014604201795
-0.62109375 -3.77594731095652
-0.61328125 -3.7444786566835
-0.60546875 -3.71562681995369
-0.59765625 -3.68928990674454
-0.58984375 -3.66537648596605
-0.58203125 -3.64380478764012
-0.57421875 -3.62450200352167
-0.56640625 -3.60740331363698
-0.55859375 -3.59245284281702
-0.55078125 -3.57960094787873
-0.54296875 -3.56880535339452
-0.53515625 -3.56003043752808
-0.52734375 -3.55324695847684
-0.51953125 -3.54843183217617
-0.51171875 -3.54556794027742
-0.50390625 -3.54464379021083
-0.49609375 -3.54565503570808
-0.48828125 -3.54860018449398
-0.48046875 -3.55348639944011
-0.47265625 -3.56032513342369
-0.46484375 -3.56913399475301
-0.45703125 -3.57993606069233
-0.44921875 -3.59276198662528
-0.44140625 -3.60739890218628
-0.43359375 -3.62463540719456
-0.42578125 -3.64377546324967
-0.41796875 -3.66512482089423
-0.41015625 -3.68874845554674
-0.40234375 -3.71471969907319
-0.39453125 -3.74312084862687
-0.38671875 -3.77404386635449
-0.37890625 -3.80759081807067
-0.37109375 -3.84387619627336
-0.36328125 -3.88302593255947
-0.35546875 -3.92517991537674
-0.34765625 -3.97049304750549
-0.33984375 -4.01913682350921
-0.33203125 -4.07130114056192
-0.32421875 -4.12719638113126
-0.31640625 -4.18705581368021
-0.30859375 -4.25113836697644
-0.30078125 -4.31973184521926
-0.29296875 -4.39315666559809
-0.28515625 -4.47177021784429
-0.27734375 -4.5559719678311
-0.26953125 -4.64620945563078
-0.26171875 -4.74298537440555
-0.25390625 -4.84686596243139
-0.24609375 -4.95849099959272
-0.23828125 -5.07858533940375
-0.23046875 -5.20797501778903
-0.22265625 -5.34760221580292
-0.21484375 -5.49854813388708
-0.20703125 -5.66205867521155
-0.19921875 -5.83957666372681
-0.19140625 -6.03278195699302
-0.18359375 -6.24364180509729
-0.17578125 -6.4744746430176
-0.16796875 -6.72803168981017
-0.16015625 -7.00760243470459
-0.15234375 -7.31715258460745
-0.14453125 -7.66150902526451
-0.13671875 -8.04659617236679
-0.12890625 -8.47978385649976
-0.12109375 -8.97034257130522
-0.11328125 -9.53010173691998
-0.10546875 -10.174397377502
-0.09765625 -10.9234746880913
-0.08984375 -11.8046223796965
-0.08203125 -12.8555266544807
-0.07421875 -14.1297434855742
-0.06640625 -15.7060335854074
-0.05859375 -17.7051659348458
-0.05078125 -20.3222309193101
-0.04296875 -23.8941994451807
-0.03515625 -29.0575986605211
-0.02734375 -37.17638918873
-0.01953125 -51.7968881577023
-0.01171875 -85.9222730528311
-0.00390625 -256.581126287961
0.00390625 19.474207745542
0.01171875 17.9704732183917
0.01953125 16.616041728847
0.02734375 15.3944898716497
0.03515625 14.2913026567559
0.04296875 13.2936443478358
0.05078125 12.3901573841484
0.05859375 11.570786016706
0.06640625 10.8266213375935
0.07421875 10.1497652669131
0.08203125 9.53321109000026
0.08984375 8.97073859938376
0.09765625 8.45682158625693
0.10546875 7.98654687437025
0.11328125 7.55554290606932
0.12109375 7.1599169428023
0.12890625 6.79619978417105
0.13671875 6.46129708590496
0.14453125 6.1524464713029
0.15234375 5.86717973053086
0.16015625 5.60328948949191
0.16796875 5.35879980638119
0.17578125 5.13194022088309
0.18359375 4.92112283946429
0.19140625 4.7249220914171
0.19921875 4.54205683513113
0.20703125 4.3713745333196
0.21484375 4.21183725029945
0.22265625 4.0625092545352
0.23046875 3.92254603603711
0.23828125 3.79118457132469
0.24609375 3.66773468893138
0.25390625 3.55157140619544
0.26171875 3.44212812366405
0.26953125 3.33889057710696
0.27734375 3.24139145912991
0.28515625 3.14920571254481
0.29296875 3.0619459508546
0.30078125 2.97925913313219
0.30859375 2.90082286186448
0.31640625 2.82634243728256
0.32421875 2.75554815627161
0.33203125 2.68819289768446
0.33984375 2.6240499619312
0.34765625 2.56291113646294
0.35546875 2.50458496206605
0.36328125 2.44889517778621
0.37109375 2.39567932485923
0.37890625 2.34478748691494
0.38671875 2.29608117929608
0.39453125 2.2494323115989
0.40234375 2.20472228446669
0.41015625 2.16184116176575
0.41796875 2.12068692525322
0.42578125 2.08116483897921
0.43359375 2.04318674211947
0.44140625 2.0066705880632
0.44921875 1.97153991687132
0.45703125 1.93772340232543
0.46484375 1.90515444067348
0.47265625 1.8737707768666
0.48046875 1.84351416453391
0.48828125 1.81433005634482
0.49609375 1.78616732176421
0.50390625 1.75897798952344
0.51171875 1.732717012411
0.51953125 1.70734205223718
0.52734375 1.68281328304989
0.53515625 1.65909321087665
0.54296875 1.63614650844465
0.55078125 1.61393986348805
0.55859375 1.59244183939211
0.56640625 1.57162274704902
0.57421875 1.55145452691221
0.58203125 1.53191064033611
0.58984375 1.51296596937757
0.59765625 1.49459672431553
0.60546875 1.47678035821691
0.61328125 1.45949548794137
0.62109375 1.44272182103509
0.62890625 1.42644008801539
0.63671875 1.41063197959483
0.64453125 1.39528008843501
0.65234375 1.380367855058
0.66015625 1.36587951757732
0.66796875 1.35180006494076
0.67578125 1.338115193405
0.68359375 1.32481126598682
0.69140625 1.31187527465812
0.69921875 1.29929480507236
0.70703125 1.28705800362821
0.71484375 1.27515354669312
0.72265625 1.2635706118243
0.73046875 1.25229885083846
0.73828125 1.24132836459405
0.74609375 1.23064967936084
0.75390625 1.22025372466222
0.76171875 1.21013181248467
0.76953125 1.20027561775738
0.77734375 1.19067716001294
0.78515625 1.18132878614678
0.79296875 1.17222315419964
0.80078125 1.16335321809333
0.80859375 1.15471221325507
0.81640625 1.14629364307113
0.82421875 1.13809126611445
0.83203125 1.1300990840955
0.83984375 1.12231133048908
0.84765625 1.11472245979347
0.85546875 1.10732713738151
0.86328125 1.10012022990579
0.87109375 1.09309682484122
0.87890625 1.08625210256656
0.88671875 1.0795815152469
0.89453125 1.07308064852281
0.90234375 1.06674524853033
0.91015625 1.06057124186056
0.91796875 1.05455461439595
0.92578125 1.04869158865862
0.93359375 1.04297848685481
0.94140625 1.03741176044935
0.94921875 1.03198802913481
0.95703125 1.02670388785981
0.96484375 1.02155620152634
0.97265625 1.01654195395685
0.98046875 1.0116580114318
0.98828125 1.00690168297502
0.99609375 1.00227005247573
1.00390625 0.997760160072254
1.01171875 0.993370053193915
1.01953125 0.989096904431854
1.02734375 0.98493820377787
1.03515625 0.98089167302673
1.04296875 0.976955040474058
1.05078125 0.973125848083747
1.05859375 0.969402488086428
1.06640625 0.96578264399264
1.07421875 0.962264317538411
1.08203125 0.958845593245977
1.08984375 0.955524598167815
1.09765625 0.95229952491349
1.10546875 0.949168623298762
1.11328125 0.946130198354274
1.12109375 0.943182608419075
1.12890625 0.940324263314817
1.13671875 0.93755362259675
1.14453125 0.934869193877811
1.15234375 0.932269809204237
1.16015625 0.929753512538812
1.16796875 0.927319223259913
1.17578125 0.924965625795096
1.18359375 0.922691445230839
1.19140625 0.920495446008224
1.19921875 0.9183764306709
1.20703125 0.916333238662943
1.21484375 0.914364745174379
1.22265625 0.912469860032211
1.23046875 0.910647526634919
1.23828125 0.908896720928533
1.24609375 0.907216378323147
1.25390625 0.905605686883198
1.26171875 0.904063636282099
1.26953125 0.902589323189587
1.27734375 0.901181872267803
1.28515625 0.89984043536092
1.29296875 0.898564190715332
1.30078125 0.897352342229122
1.30859375 0.896204118729571
1.31640625 0.89511877327755
1.32421875 0.894095582497685
1.33203125 0.89313384593322
1.33984375 0.892232885424598
1.34765625 0.891392044510767
1.35546875 0.890610687852319
1.36328125 0.889888200675576
1.37109375 0.889223988236796
1.37890625 0.888617475305693
1.38671875 0.888068030656352
1.39453125 0.887575275675404
1.40234375 0.887138605969578
1.41015625 0.886757519599661
1.41796875 0.886431531821013
1.42578125 0.886160174668095
1.43359375 0.885942996553692
1.44140625 0.885840605358724
1.44921875 0.885669450677112
1.45703125 0.885612258220149
1.46484375 0.885607495595579
1.47265625 0.885655011744736
1.48046875 0.885754318265625
1.48828125 0.885905068259303
1.49609375 0.886106853574635
1.50390625 0.886359649516567
1.51171875 0.886662712891953
1.51953125 0.887016031888075
1.52734375 0.887419263199516
1.53515625 0.887872133119459
1.54296875 0.88837438443592
1.55078125 0.888925771738235
1.55859375 0.889526061190346
1.56640625 0.890175030312043
1.57421875 0.890872373039742
1.58203125 0.891618074689617
1.58984375 0.892411855478356
1.59765625 0.893253536237133
1.60546875 0.894142948173616
1.61328125 0.89507993269553
1.62109375 0.896064341240502
1.62890625 0.897096038798656
1.63671875 0.898174889040888
1.64453125 0.89930077618682
1.65234375 0.900473590210959
1.66015625 0.901693230354484
1.66796875 0.902959604988871
1.67578125 0.904272631484565
1.68359375 0.90563223608455
1.69140625 0.907038353782668
1.69921875 0.908490928206547
1.70703125 0.909989911505011
1.71484375 0.911535264239837
1.72265625 0.913126955281744
1.73046875 0.91476496171048
1.73828125 0.916449268718914
1.74609375 0.918179869521005
1.75390625 0.919956765263554
1.76171875 0.921780026571172
1.76953125 0.923649543724955
1.77734375 0.925565406072084
1.78515625 0.92752764569015
1.79296875 0.929536302200388
1.80078125 0.931591422700188
1.80859375 0.933693061698745
1.81640625 0.935841281055778
1.82421875 0.938036149923229
1.83203125 0.940277744689889
1.83984375 0.942566148928869
1.84765625 0.944901453347854
1.85546875 0.947283755742079
1.86328125 0.94971316094996
1.87109375 0.952189780811333
1.87890625 0.954713734128222
1.88671875 0.957285146628113
1.89453125 0.959904150929652
1.90234375 0.962570886510739
1.91015625 0.965285499678955
1.91796875 0.968048143544285
1.92578125 0.970858977994088
1.93359375 0.973718169670272
1.94140625 0.976625891948635
1.94921875 0.979582324920331
1.95703125 0.982587655375424
1.96484375 0.985642076788494
1.97265625 0.988745789306258
1.98046875 0.991898999737176
1.98828125 0.995101921543009
1.99609375 0.998354774832302
2.00390625 1.00165778635575
2.01171875 1.00501118950344
2.01953125 1.00841522430392
2.02734375 1.01187013742509
2.03515625 1.01537618217687
2.04296875 1.01893359187153
2.05078125 1.02254267733302
2.05859375 1.02620369494041
2.06640625 1.02991692461287
2.07421875 1.03368265295054
2.08203125 1.03750117324758
2.08984375 1.04137278550689
2.09765625 1.04529779645639
2.10546875 1.04927651956696
2.11328125 1.05330927626162
2.12109375 1.05739648043463
2.12890625 1.06153829176485
2.13671875 1.06573513651841
2.14453125 1.06998736222695
2.15234375 1.07429532330544
2.16015625 1.07865938108105
2.16796875 1.08308067110261
2.17578125 1.08755726677649
2.18359375 1.09209185219194
2.19140625 1.09668404936393
2.19921875 1.10133425466551
2.20703125 1.10604287158642
2.21484375 1.11081031077241
2.22265625 1.11563699006606
2.23046875 1.12052333454903
2.23828125 1.12546977658577
2.24609375 1.1304767558688
2.25390625 1.13554471946534
2.26171875 1.14067412186549
2.26953125 1.14586542503182
2.27734375 1.15111909845045
2.28515625 1.15643561918362
2.29296875 1.16181547192367
2.30078125 1.16725914904855
2.30859375 1.17276715067875
2.31640625 1.17833998473572
2.32421875 1.1839781670018
2.33203125 1.18968222118156
2.33984375 1.19545267896465
2.34765625 1.2012900800902
2.35546875 1.2071949724126
2.36328125 1.21316791196886
2.37109375 1.21920946304743
2.37890625 1.22532019825857
2.38671875 1.23150069860615
2.39453125 1.23775155356111
2.40234375 1.24407336113631
2.41015625 1.25046672796299
2.41796875 1.25693226936876
2.42578125 1.26347060945719
2.43359375 1.27008238118884
2.44140625 1.27676822646402
2.44921875 1.28352879620703
2.45703125 1.29036475045201
2.46484375 1.29727675843044
2.47265625 1.30426549866019
2.48046875 1.31133165903628
2.48828125 1.31847593692318
2.49609375 1.32569903924887
2.50390625 1.33300168260049
2.51171875 1.3403845933217
2.51953125 1.34784850761173
2.52734375 1.35539417162616
2.53515625 1.36302234157935
2.54296875 1.37073785211091
2.55078125 1.37853341773946
2.55859375 1.38640960229856
2.56640625 1.39437556301169
2.57421875 1.40242796532725
2.58203125 1.41056746270857
2.58984375 1.41879521358147
2.59765625 1.42711189510166
2.60546875 1.43551835891722
2.61328125 1.44401546785829
2.62109375 1.45260409605952
2.62890625 1.46128512908462
2.63671875 1.47005946405273
2.64453125 1.4789280097669
2.65234375 1.48789168684441
2.66015625 1.49695142784926
2.66796875 1.50610817742658
2.67578125 1.51536289243921
2.68359375 1.52471654210628
2.69140625 1.53417010814392
2.69921875 1.54372458490815
2.70703125 1.55338117587421
2.71484375 1.56314051037322
2.72265625 1.57300381596328
2.73046875 1.58297213903153
2.73828125 1.59304653935217
2.74609375 1.60322809024261
2.75390625 1.61351787872205
2.76171875 1.62391700567227
2.76953125 1.6344265860009
2.77734375 1.64504774880701
2.78515625 1.65578163754921
2.79296875 1.66662941021612
2.80078125 1.67759223949944
2.80859375 1.68867131296941
2.81640625 1.69986783325295
2.82421875 1.71118301611931
2.83203125 1.72261809907094
2.83984375 1.73417432887796
2.84765625 1.74585297022701
2.85546875 1.75765530379123
2.86328125 1.76958262642438
2.87109375 1.78163625135774
2.87890625 1.79381750839979
2.88671875 1.80612774413882
2.89453125 1.81856832214838
2.90234375 1.83114062319572
2.91015625 1.84384604545312
2.91796875 1.85668600471235
2.92578125 1.86966193460213
2.93359375 1.88277528680861
2.94140625 1.89602753129915
2.94921875 1.90942015654912
2.95703125 1.92295466977204
2.96484375 1.93663259715287
2.97265625 1.95045548408471
2.98046875 1.9644248954088
2.98828125 1.97854241565792
2.99609375 1.99280964930325
3.00390625 2.00722822100466
3.01171875 2.02179977586466
3.01953125 2.03652597968578
3.02734375 2.05140851923171
3.03515625 2.06644910249204
3.04296875 2.08164945895079
3.05078125 2.09701133985869
3.05859375 2.11253651850928
3.06640625 2.12822679051898
3.07421875 2.14408397411099
3.08203125 2.16010991040325
3.08984375 2.17630646370048
3.09765625 2.19267552179025
3.10546875 2.20921899624329
3.11328125 2.22593882271794
3.12109375 2.24283696126898
3.12890625 2.25991539666075
3.13671875 2.2771761386846
3.14453125 2.29462122248097
3.15234375 2.31225270886583
3.16015625 2.33007268466182
3.16796875 2.34808326303396
3.17578125 2.36628658383016
3.18359375 2.38468481392644
3.19140625 2.40328014757704
3.19921875 2.42207480676947
3.20703125 2.4410710415845
3.21484375 2.46027113056123
3.22265625 2.4796773810673
3.23046875 2.49929212967432
3.23828125 2.51911774253851
3.24609375 2.5391566157868
3.25390625 2.55941117590825
3.26171875 2.57988388015102
3.26953125 2.60057729118082
3.27734375 2.62149340223363
3.28515625 2.64263558669329
3.29296875 2.66400964434714
3.30078125 2.68560743871456
3.30859375 2.70744237392313
3.31640625 2.72951398630476
3.32421875 2.75182413278533
3.33203125 2.77437599113577
3.33984375 2.79717234929808
3.34765625 2.82021603072674
3.35546875 2.84350989485822
3.36328125 2.86705683758713
3.37109375 2.89085979174904
3.37890625 2.91492172761016
3.38671875 2.93924565336391
3.39453125 2.96383461563451
3.40234375 2.98869169998768
3.41015625 3.01382003144856
3.41796875 3.03922277502696
3.42578125 3.06490313625001
3.43359375 3.09086436170237
3.44140625 3.1171097395741
3.44921875 3.14364260021621
3.45703125 3.17046631670417
3.46484375 3.19758430540937
3.47265625 3.22500002657863
3.48046875 3.25271698492199
3.48828125 3.2807387302088
3.49609375 3.3090688578723
3.50390625 3.33771100962272
3.51171875 3.36666887406915
3.51953125 3.39594618735021
3.52734375 3.42554659291183
3.53515625 3.45547420308835
3.54296875 3.4857327621028
3.55078125 3.51632620269966
3.55859375 3.5472585084434
3.56640625 3.57853371440493
3.57421875 3.6101559078578
3.58203125 3.64212922746673
3.58984375 3.67445787009981
3.59765625 3.70714608237442
3.60546875 3.74019816767846
3.61328125 3.77361848484517
3.62109375 3.80741144965988
3.62890625 3.84158153516117
3.63671875 3.87613327252979
3.64453125 3.9110712518796
3.65234375 3.94640016169673
3.66015625 3.9821246353638
3.66796875 4.0182494830304
3.67578125 4.05477953868122
3.68359375 4.09171969936193
3.69140625 4.12907492219727
3.69921875 4.16685024048786
3.70703125 4.20505074198348
3.71484375 4.24368158471238
3.72265625 4.28274799419624
3.73046875 4.32225526437528
3.73828125 4.36220875854661
3.74609375 4.40261391031605
3.75390625 4.4434762245637
3.76171875 4.48480127842341
3.76953125 4.52659472227631
3.77734375 4.5688622807587
3.78515625 4.6116097537845
3.79296875 4.65484301758236
3.80078125 4.69856802574784
3.80859375 4.7427908103107
3.81640625 4.78751748281767
3.82421875 4.83275423543083
3.83203125 4.8785073420419
3.83984375 4.92478315940263
3.84765625 4.97158812827155
3.85546875 5.01892877457735
3.86328125 5.06681166605621
3.87109375 5.11524359145637
3.87890625 5.16423129499331
3.88671875 5.21378165525101
3.89453125 5.26390164205838
3.90234375 5.3145983177576
3.91015625 5.3658788384909
3.91796875 5.41775045550609
3.92578125 5.47022051648103
3.93359375 5.52329646686736
3.94140625 5.57698585125385
3.94921875 5.63129631474958
3.95703125 5.68623560438725
3.96484375 5.74181326634916
3.97265625 5.79803390580057
3.98046875 5.85490723939559
3.98828125 5.91244143854318
3.99609375 5.97064477724728
4.00390625 6.02952564698489
4.01171875 6.08909254933241
4.01953125 6.14935409978028
4.02734375 6.21031902933199
4.03515625 6.2719961861265
4.04296875 6.33439453708441
4.05078125 6.39752316957832
4.05859375 6.46139129312762
4.06640625 6.52600819455776
4.07421875 6.59138342515905
4.08203125 6.65752652556826
4.08984375 6.72444721134315
4.09765625 6.79215532904302
4.10546875 6.86066085807852
4.11328125 6.92997391258865
4.12109375 7.00010474334541
4.12890625 7.07106373968657
4.13671875 7.14286143147678
4.14453125 7.21550849708096
4.15234375 7.28901574156243
4.16015625 7.36339413429885
4.16796875 7.43865478745959
4.17578125 7.51480896398958
4.18359375 7.59186807975081
4.19140625 7.66984370569538
4.19921875 7.74874757007084
4.20703125 7.82859156065804
4.21484375 7.90938772704222
4.22265625 7.99114828291771
4.23046875 8.07388560842678
4.23828125 8.15761225253321
4.24609375 8.24234093543105
4.25390625 8.3280845509892
4.26171875 8.41485616923221
4.26953125 8.502669038858
4.27734375 8.59153658979299
4.28515625 8.68147243578531
4.29296875 8.77249037703647
4.30078125 8.86460440287228
4.30859375 8.95782869445365
4.31640625 9.05217762752758
4.32421875 9.14766577521939
4.33203125 9.24430791086644
4.33984375 9.34211901089424
4.34765625 9.44111425773546
4.35546875 9.54130904279256
4.36328125 9.64271896944474
4.37109375 9.74535985609977
4.37890625 9.84924773929157
4.38671875 9.95439887682412
4.39453125 10.0608297509624
4.40234375 10.1685570716713
4.41015625 10.2775977799028
4.41796875 10.3879690509327
4.42578125 10.4996882977475
4.43359375 10.6127731744818
4.44140625 10.7272415799073
4.44921875 10.8431116609748
4.45703125 10.9604018164088
4.46484375 11.0791307003566
4.47265625 11.1993172260919
4.48046875 11.3209805697746
4.48828125 11.4441401742671
4.49609375 11.5688157530076
4.50390625 11.6950272939427
4.51171875 11.8227950635189
4.51953125 11.9521396107336
4.52734375 12.0830817712489
4.53515625 12.2156426715657
4.54296875 12.3498437332626
4.55078125 12.4857066772973
4.55859375 12.6232535283743
4.56640625 12.7625066193783
4.57421875 12.9034885958741
4.58203125 13.046222420676
4.58984375 13.190731378485
4.59765625 13.3370392072231
4.60546875 13.4851695978316
4.61328125 13.6351469885776
4.62109375 13.7869959318027
4.62890625 13.9407414271788
4.63671875 14.0964087921404
4.64453125 14.254023700506
4.65234375 14.4136121877105
4.66015625 14.5752006561168
4.66796875 14.738815880409
4.67578125 14.9044850130671
4.68359375 15.0722355899252
4.69140625 15.2420955358151
4.69921875 15.4140931702955
4.70703125 15.5882572134683
4.71484375 15.7646167918844
4.72265625 15.9432014445395
4.73046875 16.1240411289613
4.73828125 16.30716622739
4.74609375 16.4926075530534
4.75390625 16.6803963565379
4.76171875 16.8705643322571
4.76953125 17.0631436250197
4.77734375 17.2581668366975
4.78515625 17.4556670329964
4.79296875 17.6556777503307
4.80078125 17.8582330028032
4.80859375 18.0633672892923
4.81640625 18.2711156006484
4.82421875 18.481513427
4.83203125 18.6945967651734
4.83984375 18.9104021262252
4.84765625 19.128966543092
4.85546875 19.3503275783569
4.86328125 19.5745233321361
4.87109375 19.8015924500871
4.87890625 20.0315741315403
4.88671875 20.2645081377557
4.89453125 20.5004348003077
4.90234375 20.7393950295988
4.91015625 20.981430323505
4.91796875 21.2265827761548
4.92578125 21.4748950868441
4.93359375 21.726410569089
4.94140625 21.9811731598178
4.94921875 22.2392274287072
4.95703125 22.500618587661
4.96484375 22.7653925004373
4.97265625 23.0335956924239
4.98046875 23.3052753605662
4.98828125 23.5804793834484
4.99609375 23.8592563315315
5.00390625 24.1416554775507
5.01171875 24.4277268070735
5.01953125 24.717521029223
5.02734375 25.0110895875667
5.03515625 25.3084846711765
5.04296875 25.6097592258585
5.05078125 25.9149669655603
5.05859375 26.2241623839537
5.06640625 26.5374007661997
5.07421875 26.8547382008959
5.08203125 27.1762315922108
5.08984375 27.5019386722073
5.09765625 27.831918013359
5.10546875 28.1662290412611
5.11328125 28.5049320475413
5.12109375 28.8480882029715
5.12890625 29.1957595707853
5.13671875 29.5480091202033
5.14453125 29.9049007410884
5.15234375 30.2664992542428
5.16015625 30.6328704310405
5.16796875 31.0040810041941
5.17578125 31.3801986832779
5.18359375 31.7612921695755
5.19140625 32.1474311711624
5.19921875 32.5386864182238
5.20703125 32.9351296786147
5.21484375 33.3368337736632
5.22265625 33.7438725942233
5.23046875 34.1563211169797
5.23828125 34.5742554210098
5.24609375 34.9977527048392
5.25390625 35.4268913026086
5.26171875 35.8617507027926
5.26953125 36.3024115649351
5.27734375 36.7489557377784
5.28515625 37.2014662774545
5.29296875 37.6600274659638
5.30078125 38.1247248299451
5.30859375 38.5956451543376
5.31640625 39.072876523367
5.32421875 39.5565083078007
5.33203125 40.0466312065417
5.33984375 40.5433372615305
5.34765625 41.0467198783691
5.35546875 41.5568738472721
5.36328125 42.0738953643493
5.37109375 42.5978820532264
5.37890625 43.1289329870081
5.38671875 43.6671487105905
5.39453125 44.2126312633269
5.40234375 44.7654842020543
5.41015625 45.3258126244858
5.41796875 45.8937231929746
5.42578125 46.4693241586561
5.43359375 47.0527253859746
5.44140625 47.6440383775993
5.44921875 48.2433762988914
5.45703125 48.8508540069872
5.46484375 49.4665880719078
5.47265625 50.0906968064261
5.48046875 50.7233002922076
5.48828125 51.3645204072081
5.49609375 52.0144808535086
5.50390625 52.6733071855941
5.51171875 53.3411268390853
5.51953125 54.0180836855294
5.52734375 54.7042654340558
5.53515625 55.3998489175119
5.54296875 56.1049548670735
5.55078125 56.8197205713516
5.55859375 57.5442853823948
5.56640625 58.2787907477989
5.57421875 59.0233802433313
5.58203125 59.7781996060783
5.58984375 60.5433967681255
5.59765625 61.3191218907774
5.60546875 62.1055273993279
5.61328125 62.902768018389
5.62109375 63.7110008077873
5.62890625 64.5303851990376
5.63671875 65.3610830324045
5.64453125 66.2032585945586
5.65234375 67.057078656841
5.66015625 67.9227125141424
5.66796875 68.8003320244105
5.67578125 69.6901116487929
5.68359375 70.592228492428
5.69140625 71.5068623458946
5.69921875 72.4341957273297
5.70703125 73.3744139252269
5.71484375 74.3277050419267
5.72265625 75.2942600378084
5.73046875 76.2742727761978
5.73828125 77.2679400690014
5.74609375 78.2754617230773
5.75390625 79.2970405873594
5.76171875 80.3328826007425
5.76953125 81.3831968407446
5.77734375 82.4481955729577
5.78515625 83.5280943013002
5.79296875 84.6231118190847
5.80078125 85.7334702609146
5.80859375 86.8593951554235
5.81640625 88.0011154788707
5.82421875 89.1588637096077
5.83203125 90.3328758834309
5.83984375 91.523391649833
5.84765625 92.730654329171
5.85546875 93.9549109707636
5.86328125 95.1964124119353
5.87109375 96.4554133380217
5.87890625 97.7321723433526
5.88671875 99.0269519902645
5.89453125 100.340018883934
5.90234375 101.67164371865
5.91015625 103.02210135469
5.91796875 104.391670881489
5.92578125 105.780635684845
5.93359375 107.189283515221
5.94140625 108.617906557165
5.94921875 110.06680149986
5.95703125 111.536269608831
5.96484375 113.026616959104
5.97265625 114.538153869974
5.98046875 116.071195936579
5.98828125 117.626063470672
5.99609375 119.203081736895
6.00390625 120.802581031827
