-4 -0.653643620863612
-3.5 -0.936456687290796
-3 -0.989992496600445
-2.5 -0.801143615546934
-2 -0.416146836547142
-1.5 0.0707372016677029
-1 0.54030230586814
-0.5 0.877582561890373
0 1
0.5 0.877582561890373
1 0.54030230586814
1.5 0.0707372016677029
2 -0.416146836547142
2.5 -0.801143615546934
3 -0.989992496600445
3.5 -0.936456687290796
4 -0.653643620863612


-4 -0.653643620863612
-3.96875 -0.671319437515311
-3.9375 -0.68899525416701
-3.90625 -0.706671070818709
-3.875 -0.724346887470408
-3.84375 -0.742022704122107
-3.8125 -0.759698520773806
-3.78125 -0.777374337425505
-3.75 -0.795050154077204
-3.71875 -0.812725970728903
-3.6875 -0.830401787380602
-3.65625 -0.848077604032301
-3.625 -0.865753420684
-3.59375 -0.883429237335699
-3.5625 -0.901105053987398
-3.53125 -0.918780870639097
-3.5 -0.936456687290796
-3.46875 -0.939802675372649
-3.4375 -0.943148663454502
-3.40625 -0.946494651536356
-3.375 -0.949840639618209
-3.34375 -0.953186627700062
-3.3125 -0.956532615781915
-3.28125 -0.959878603863768
-3.25 -0.963224591945621
-3.21875 -0.966570580027474
-3.1875 -0.969916568109327
-3.15625 -0.97326255619118
-3.125 -0.976608544273033
-3.09375 -0.979954532354886
-3.0625 -0.983300520436739
-3.03125 -0.986646508518592
-3 -0.989992496600445
-2.96875 -0.978189441534601
-2.9375 -0.966386386468756
-2.90625 -0.954583331402912
-2.875 -0.942780276337068
-2.84375 -0.930977221271223
-2.8125 -0.919174166205379
-2.78125 -0.907371111139534
-2.75 -0.89556805607369
-2.71875 -0.883765001007845
-2.6875 -0.871961945942001
-2.65625 -0.860158890876156
-2.625 -0.848355835810312
-2.59375 -0.836552780744467
-2.5625 -0.824749725678623
-2.53125 -0.812946670612778
-2.5 -0.801143615546934
-2.46875 -0.777081316859447
-2.4375 -0.75301901817196
-2.40625 -0.728956719484473
-2.375 -0.704894420796986
-2.34375 -0.680832122109499
-2.3125 -0.656769823422012
-2.28125 -0.632707524734525
-2.25 -0.608645226047038
-2.21875 -0.584582927359551
-2.1875 -0.560520628672064
-2.15625 -0.536458329984577
-2.125 -0.51239603129709
-2.09375 -0.488333732609603
-2.0625 -0.464271433922116
-2.03125 -0.440209135234629
-2 -0.416146836547142
-1.96875 -0.385716584158715
-1.9375 -0.355286331770287
-1.90625 -0.324856079381859
-1.875 -0.294425826993431
-1.84375 -0.263995574605003
-1.8125 -0.233565322216575
-1.78125 -0.203135069828148
-1.75 -0.17270481743972
-1.71875 -0.142274565051292
-1.6875 -0.111844312662864
-1.65625 -0.0814140602744363
-1.625 -0.0509838078860084
-1.59375 -0.0205535554975806
-1.5625 0.00987669689084725
-1.53125 0.0403069492792751
-1.5 0.0707372016677029
-1.46875 0.10008502068023
-1.4375 0.129432839692758
-1.40625 0.158780658705285
-1.375 0.188128477717812
-1.34375 0.217476296730339
-1.3125 0.246824115742867
-1.28125 0.276171934755394
-1.25 0.305519753767921
-1.21875 0.334867572780449
-1.1875 0.364215391792976
-1.15625 0.393563210805503
-1.125 0.422911029818031
-1.09375 0.452258848830558
-1.0625 0.481606667843085
-1.03125 0.510954486855612
-1 0.54030230586814
-0.96875 0.561382321869529
-0.9375 0.582462337870919
-0.90625 0.603542353872308
-0.875 0.624622369873698
-0.84375 0.645702385875088
-0.8125 0.666782401876477
-0.78125 0.687862417877867
-0.75 0.708942433879256
-0.71875 0.730022449880646
-0.6875 0.751102465882035
-0.65625 0.772182481883425
-0.625 0.793262497884815
-0.59375 0.814342513886204
-0.5625 0.835422529887594
-0.53125 0.856502545888983
-0.5 0.877582561890373
-0.46875 0.885233651772224
-0.4375 0.892884741654076
-0.40625 0.900535831535928
-0.375 0.90818692141778
-0.34375 0.915838011299631
-0.3125 0.923489101181483
-0.28125 0.931140191063335
-0.25 0.938791280945186
-0.21875 0.946442370827038
-0.1875 0.95409346070889
-0.15625 0.961744550590741
-0.125 0.969395640472593
-0.09375 0.977046730354445
-0.0625 0.984697820236297
-0.03125 0.992348910118148
0 1
0.03125 0.992348910118148
0.0625 0.984697820236297
0.09375 0.977046730354445
0.125 0.969395640472593
0.15625 0.961744550590741
0.1875 0.95409346070889
0.21875 0.946442370827038
0.25 0.938791280945186
0.28125 0.931140191063335
0.3125 0.923489101181483
0.34375 0.915838011299631
0.375 0.90818692141778
0.40625 0.900535831535928
0.4375 0.892884741654076
0.46875 0.885233651772224
0.5 0.877582561890373
0.53125 0.856502545888983
0.5625 0.835422529887594
0.59375 0.814342513886204
0.625 0.793262497884815
0.65625 0.772182481883425
0.6875 0.751102465882035
0.71875 0.730022449880646
0.75 0.708942433879256
0.78125 0.687862417877867
0.8125 0.666782401876477
0.84375 0.645702385875088
0.875 0.624622369873698
0.90625 0.603542353872308
0.9375 0.582462337870919
0.96875 0.561382321869529
1 0.54030230586814
1.03125 0.510954486855613
1.0625 0.481606667843085
1.09375 0.452258848830558
1.125 0.422911029818031
1.15625 0.393563210805503
1.1875 0.364215391792976
1.21875 0.334867572780449
1.25 0.305519753767921
1.28125 0.276171934755394
1.3125 0.246824115742867
1.34375 0.217476296730339
1.375 0.188128477717812
1.40625 0.158780658705285
1.4375 0.129432839692758
1.46875 0.10008502068023
1.5 0.0707372016677029
1.53125 0.0403069492792751
1.5625 0.00987669689084724
1.59375 -0.0205535554975806
1.625 -0.0509838078860084
1.65625 -0.0814140602744362
1.6875 -0.111844312662864
1.71875 -0.142274565051292
1.75 -0.17270481743972
1.78125 -0.203135069828148
1.8125 -0.233565322216575
1.84375 -0.263995574605003
1.875 -0.294425826993431
1.90625 -0.324856079381859
1.9375 -0.355286331770287
1.96875 -0.385716584158715
2 -0.416146836547142
2.03125 -0.440209135234629
2.0625 -0.464271433922116
2.09375 -0.488333732609603
2.125 -0.51239603129709
2.15625 -0.536458329984577
2.1875 -0.560520628672064
2.21875 -0.584582927359551
2.25 -0.608645226047038
2.28125 -0.632707524734525
2.3125 -0.656769823422012
2.34375 -0.680832122109499
2.375 -0.704894420796986
2.40625 -0.728956719484473
2.4375 -0.75301901817196
2.46875 -0.777081316859447
2.5 -0.801143615546934
2.53125 -0.812946670612778
2.5625 -0.824749725678623
2.59375 -0.836552780744467
2.625 -0.848355835810312
2.65625 -0.860158890876156
2.6875 -0.871961945942001
2.71875 -0.883765001007845
2.75 -0.89556805607369
2.78125 -0.907371111139534
2.8125 -0.919174166205379
2.84375 -0.930977221271223
2.875 -0.942780276337068
2.90625 -0.954583331402912
2.9375 -0.966386386468757
2.96875 -0.978189441534601
3 -0.989992496600445
3.03125 -0.986646508518592
3.0625 -0.983300520436739
3.09375 -0.979954532354886
3.125 -0.976608544273033
3.15625 -0.97326255619118
3.1875 -0.969916568109327
3.21875 -0.966570580027474
3.25 -0.963224591945621
3.28125 -0.959878603863768
3.3125 -0.956532615781915
3.34375 -0.953186627700062
3.375 -0.949840639618209
3.40625 -0.946494651536356
3.4375 -0.943148663454502
3.46875 -0.939802675372649
3.5 -0.936456687290796
3.53125 -0.918780870639097
3.5625 -0.901105053987398
3.59375 -0.883429237335699
3.625 -0.865753420684
3.65625 -0.848077604032301
3.6875 -0.830401787380602
3.71875 -0.812725970728903
3.75 -0.795050154077204
3.78125 -0.777374337425505
3.8125 -0.759698520773806
3.84375 -0.742022704122107
3.875 -0.724346887470408
3.90625 -0.706671070818709
3.9375 -0.68899525416701
3.96875 -0.671319437515311
4 -0.653643620863612


-4 0.756802495307928
-3.96875 0.736099947520758
-3.9375 0.714845030463221
-3.90625 0.693037744135319
-3.875 0.670678088537052
-3.84375 0.647766063668419
-3.8125 0.62430166952942
-3.78125 0.600284906120056
-3.75 0.575715773440326
-3.71875 0.550594271490231
-3.6875 0.52492040026977
-3.65625 0.498694159778943
-3.625 0.471915550017751
-3.59375 0.444584570986193
-3.5625 0.41670122268427
-3.53125 0.388265505111981
-3.5 0.359277418269326
-3.46875 0.32996086572771
-3.4375 0.300539751058536
-3.40625 0.271014074261803
-3.375 0.241383835337513
-3.34375 0.211649034285665
-3.3125 0.181809671106259
-3.28125 0.151865745799296
-3.25 0.121817258364774
-3.21875 0.0916642088026944
-3.1875 0.0614065971130568
-3.15625 0.0310444232958614
-3.125 0.00057768735110808
-3.09375 -0.0299936107212031
-3.0625 -0.0606694709210722
-3.03125 -0.0914498932484993
-3 -0.122334877703484
-2.96875 -0.153087720486844
-2.9375 -0.183471717799397
-2.90625 -0.213486869641142
-2.875 -0.243133176012079
-2.84375 -0.272410636912208
-2.8125 -0.30131925234153
-2.78125 -0.329859022300045
-2.75 -0.358029946787751
-2.71875 -0.38583202580465
-2.6875 -0.413265259350742
-2.65625 -0.440329647426025
-2.625 -0.467025190030501
-2.59375 -0.49335188716417
-2.5625 -0.51930973882703
-2.53125 -0.544898745019083
-2.5 -0.570118905740329
-2.46875 -0.594778670309179
-2.4375 -0.618686488044045
-2.40625 -0.641842358944926
-2.375 -0.664246283011824
-2.34375 -0.685898260244738
-2.3125 -0.706798290643668
-2.28125 -0.726946374208614
-2.25 -0.746342510939576
-2.21875 -0.764986700836553
-2.1875 -0.782878943899547
-2.15625 -0.800019240128558
-2.125 -0.816407589523584
-2.09375 -0.832043992084626
-2.0625 -0.846928447811684
-2.03125 -0.861060956704758
-2 -0.874441518763848
-1.96875 -0.886970634712377
-1.9375 -0.898548805273768
-1.90625 -0.90917603044802
-1.875 -0.918852310235134
-1.84375 -0.927577644635109
-1.8125 -0.935352033647947
-1.78125 -0.942175477273645
-1.75 -0.948047975512206
-1.71875 -0.952969528363628
-1.6875 -0.956940135827912
-1.65625 -0.959959797905057
-1.625 -0.962028514595064
-1.59375 -0.963146285897932
-1.5625 -0.963313111813663
-1.53125 -0.962528992342255
-1.5 -0.960793927483708
-1.46875 -0.958124830259522
-1.4375 -0.954538613691194
-1.40625 -0.950035277778724
-1.375 -0.944614822522113
-1.34375 -0.938277247921361
-1.3125 -0.931022553976467
-1.28125 -0.922850740687432
-1.25 -0.913761808054255
-1.21875 -0.903755756076937
-1.1875 -0.892832584755477
-1.15625 -0.880992294089876
-1.125 -0.868234884080133
-1.09375 -0.854560354726249
-1.0625 -0.839968706028223
-1.03125 -0.824459937986056
-1 -0.808034050599747
-0.96875 -0.790820228291346
-0.9375 -0.772947655482902
-0.90625 -0.754416332174414
-0.875 -0.735226258365883
-0.84375 -0.715377434057308
-0.8125 -0.694869859248689
-0.78125 -0.673703533940028
-0.75 -0.651878458131323
-0.71875 -0.629394631822574
-0.6875 -0.606252055013783
-0.65625 -0.582450727704947
-0.625 -0.557990649896069
-0.59375 -0.532871821587146
-0.5625 -0.507094242778181
-0.53125 -0.480657913469172
-0.5 -0.453562833660119
-0.46875 -0.426018830321641
-0.4375 -0.398235730424355
-0.40625 -0.370213533968261
-0.375 -0.34195224095336
-0.34375 -0.31345185137965
-0.3125 -0.284712365247133
-0.28125 -0.255733782555807
-0.25 -0.226516103305674
-0.21875 -0.197059327496733
-0.1875 -0.167363455128984
-0.15625 -0.137428486202428
-0.125 -0.107254420717063
-0.09375 -0.0768412586728906
-0.0625 -0.0461890000699103
-0.03125 -0.0152976449081221
0 0.015832806812474
0.03125 0.04696325853307
0.0625 0.0778546136948582
0.09375 0.108506872297839
0.125 0.138920034342011
0.15625 0.169094099827376
0.1875 0.199029068753932
0.21875 0.228724941121681
0.25 0.258181716930622
0.28125 0.287399396180755
0.3125 0.316377978872081
0.34375 0.345117465004598
0.375 0.373617854578308
0.40625 0.401879147593209
0.4375 0.429901344049303
0.46875 0.457684443946589
0.5 0.485228447285067
0.53125 0.51232352709412
0.5625 0.538759856403129
0.59375 0.564537435212094
0.625 0.589656263521016
0.65625 0.614116341329895
0.6875 0.63791766863873
0.71875 0.661060245447522
0.75 0.683544071756271
0.78125 0.705369147564976
0.8125 0.726535472873638
0.84375 0.747043047682256
0.875 0.76689187199083
0.90625 0.786081945799362
0.9375 0.80461326910785
0.96875 0.822485841916294
1 0.839699664224695
1.03125 0.856125551611004
1.0625 0.871634319653171
1.09375 0.886225968351197
1.125 0.899900497705081
1.15625 0.912657907714824
1.1875 0.924498198380425
1.21875 0.935421369701885
1.25 0.945427421679203
1.28125 0.95451635431238
1.3125 0.962688167601415
1.34375 0.969942861546309
1.375 0.976280436147061
1.40625 0.981700891403672
1.4375 0.986204227316142
1.46875 0.98979044388447
1.5 0.992459541108656
1.53125 0.994194605967203
1.5625 0.994978725438611
1.59375 0.994811899522881
1.625 0.993694128220012
1.65625 0.991625411530005
1.6875 0.98860574945286
1.71875 0.984635141988576
1.75 0.979713589137154
1.78125 0.973841090898593
1.8125 0.967017647272895
1.84375 0.959243258260058
1.875 0.950517923860082
1.90625 0.940841644072968
1.9375 0.930214418898716
1.96875 0.918636248337325
2 0.906107132388796
2.03125 0.892726570329706
2.0625 0.878594061436632
2.09375 0.863709605709574
2.125 0.848073203148532
2.15625 0.831684853753506
2.1875 0.814544557524496
2.21875 0.796652314461502
2.25 0.778008124564524
2.28125 0.758611987833562
2.3125 0.738463904268616
2.34375 0.717563873869686
2.375 0.695911896636772
2.40625 0.673507972569874
2.4375 0.650352101668992
2.46875 0.626444283934127
2.5 0.601784519365277
2.53125 0.576564358644032
2.5625 0.550975352451978
2.59375 0.525017500789118
2.625 0.498690803655449
2.65625 0.471995261050973
2.6875 0.444930872975689
2.71875 0.417497639429598
2.75 0.389695560412699
2.78125 0.361524635924993
2.8125 0.332984865966478
2.84375 0.304076250537156
2.875 0.274798789637027
2.90625 0.24515248326609
2.9375 0.215137331424345
2.96875 0.184753334111792
3 0.154000491328432
3.03125 0.123115506873447
3.0625 0.0923350845460202
3.09375 0.0616592243461511
3.125 0.0310879262738399
3.15625 0.000621190329086585
3.1875 -0.0297409834881088
3.21875 -0.0599985951777464
3.25 -0.090151644739826
3.28125 -0.120200132174348
3.3125 -0.150144057481311
3.34375 -0.179983420660717
3.375 -0.209718221712565
3.40625 -0.239348460636855
3.4375 -0.268874137433588
3.46875 -0.298295252102762
3.5 -0.327611804644378
3.53125 -0.356599891487033
3.5625 -0.385035609059322
3.59375 -0.412918957361245
3.625 -0.440249936392803
3.65625 -0.467028546153995
3.6875 -0.493254786644822
3.71875 -0.518928657865283
3.75 -0.544050159815378
3.78125 -0.568619292495108
3.8125 -0.592636055904472
3.84375 -0.616100450043471
3.875 -0.639012474912104
3.90625 -0.661372130510371
3.9375 -0.683179416838273
3.96875 -0.704434333895809
4 -0.72513688168298


-4 -10
-3.27272727272727 -7.81818181818182
-2.54545454545455 -5.63636363636364
-1.81818181818182 -3.45454545454546
-1.09090909090909 -1.27272727272727
-0.363636363636363 0.90909090909091
0.363636363636363 3.09090909090909
1.09090909090909 5.27272727272727
1.81818181818182 7.45454545454546
2.54545454545455 9.63636363636364
3.27272727272727 11.8181818181818
4 14


-4 -10
-3.96875 -9.90625
-3.9375 -9.8125
-3.90625 -9.71875
-3.875 -9.625
-3.84375 -9.53125
-3.8125 -9.4375
-3.78125 -9.34375
-3.75 -9.25
-3.71875 -9.15625
-3.6875 -9.0625
-3.65625 -8.96875
-3.625 -8.875
-3.59375 -8.78125
-3.5625 -8.6875
-3.53125 -8.59375
-3.5 -8.5
-3.46875 -8.40625
-3.4375 -8.3125
-3.40625 -8.21875
-3.375 -8.125
-3.34375 -8.03125
-3.3125 -7.9375
-3.28125 -7.84375
-3.25 -7.75
-3.21875 -7.65625
-3.1875 -7.5625
-3.15625 -7.46875
-3.125 -7.375
-3.09375 -7.28125
-3.0625 -7.1875
-3.03125 -7.09375
-3 -7
-2.96875 -6.90625
-2.9375 -6.8125
-2.90625 -6.71875
-2.875 -6.625
-2.84375 -6.53125
-2.8125 -6.4375
-2.78125 -6.34375
-2.75 -6.25
-2.71875 -6.15625
-2.6875 -6.0625
-2.65625 -5.96875
-2.625 -5.875
-2.59375 -5.78125
-2.5625 -5.6875
-2.53125 -5.59375
-2.5 -5.5
-2.46875 -5.40625
-2.4375 -5.3125
-2.40625 -5.21875
-2.375 -5.125
-2.34375 -5.03125
-2.3125 -4.9375
-2.28125 -4.84375
-2.25 -4.75
-2.21875 -4.65625
-2.1875 -4.5625
-2.15625 -4.46875
-2.125 -4.375
-2.09375 -4.28125
-2.0625 -4.1875
-2.03125 -4.09375
-2 -4
-1.96875 -3.90625
-1.9375 -3.8125
-1.90625 -3.71875
-1.875 -3.625
-1.84375 -3.53125
-1.8125 -3.4375
-1.78125 -3.34375
-1.75 -3.25
-1.71875 -3.15625
-1.6875 -3.0625
-1.65625 -2.96875
-1.625 -2.875
-1.59375 -2.78125
-1.5625 -2.6875
-1.53125 -2.59375
-1.5 -2.5
-1.46875 -2.40625
-1.4375 -2.3125
-1.40625 -2.21875
-1.375 -2.125
-1.34375 -2.03125
-1.3125 -1.9375
-1.28125 -1.84375
-1.25 -1.75
-1.21875 -1.65625
-1.1875 -1.5625
-1.15625 -1.46875
-1.125 -1.375
-1.09375 -1.28125
-1.0625 -1.1875
-1.03125 -1.09375
-1 -1
-0.96875 -0.906250000000001
-0.9375 -0.812500000000001
-0.90625 -0.718750000000001
-0.875 -0.625000000000001
-0.84375 -0.531250000000001
-0.8125 -0.437500000000001
-0.78125 -0.343750000000001
-0.75 -0.250000000000001
-0.71875 -0.156250000000001
-0.6875 -0.062500000000001
-0.65625 0.0312499999999992
-0.625 0.124999999999999
-0.59375 0.218749999999999
-0.5625 0.312499999999999
-0.53125 0.40625
-0.5 0.5
-0.46875 0.59375
-0.4375 0.6875
-0.40625 0.78125
-0.375 0.875
-0.34375 0.96875
-0.3125 1.0625
-0.28125 1.15625
-0.25 1.25
-0.21875 1.34375
-0.1875 1.4375
-0.15625 1.53125
-0.125 1.625
-0.09375 1.71875
-0.0625 1.8125
-0.03125 1.90625
0 2
0.03125 2.09375
0.0625 2.1875
0.09375 2.28125
0.125 2.375
0.15625 2.46875
0.1875 2.5625
0.21875 2.65625
0.25 2.75
0.28125 2.84375
0.3125 2.9375
0.34375 3.03125
0.375 3.125
0.40625 3.21875
0.4375 3.3125
0.46875 3.40625
0.5 3.5
0.53125 3.59375
0.5625 3.6875
0.59375 3.78125
0.625 3.875
0.65625 3.96875
0.6875 4.0625
0.71875 4.15625
0.75 4.25
0.78125 4.34375
0.8125 4.4375
0.84375 4.53125
0.875 4.625
0.90625 4.71875
0.9375 4.8125
0.96875 4.90625
1 5
1.03125 5.09375
1.0625 5.1875
1.09375 5.28125
1.125 5.375
1.15625 5.46875
1.1875 5.5625
1.21875 5.65625
1.25 5.75
1.28125 5.84375
1.3125 5.9375
1.34375 6.03125
1.375 6.125
1.40625 6.21875
1.4375 6.3125
1.46875 6.40625
1.5 6.5
1.53125 6.59375
1.5625 6.6875
1.59375 6.78125
1.625 6.875
1.65625 6.96875
1.6875 7.0625
1.71875 7.15625
1.75 7.25
1.78125 7.34375
1.8125 7.4375
1.84375 7.53125
1.875 7.625
1.90625 7.71875
1.9375 7.8125
1.96875 7.90625
2 8
2.03125 8.09375
2.0625 8.1875
2.09375 8.28125
2.125 8.375
2.15625 8.46875
2.1875 8.5625
2.21875 8.65625
2.25 8.75
2.28125 8.84375
2.3125 8.9375
2.34375 9.03125
2.375 9.125
2.40625 9.21875
2.4375 9.3125
2.46875 9.40625
2.5 9.5
2.53125 9.59375
2.5625 9.6875
2.59375 9.78125
2.625 9.875
2.65625 9.96875
2.6875 10.0625
2.71875 10.15625
2.75 10.25
2.78125 10.34375
2.8125 10.4375
2.84375 10.53125
2.875 10.625
2.90625 10.71875
2.9375 10.8125
2.96875 10.90625
3 11
3.03125 11.09375
3.0625 11.1875
3.09375 11.28125
3.125 11.375
3.15625 11.46875
3.1875 11.5625
3.21875 11.65625
3.25 11.75
3.28125 11.84375
3.3125 11.9375
3.34375 12.03125
3.375 12.125
3.40625 12.21875
3.4375 12.3125
3.46875 12.40625
3.5 12.5
3.53125 12.59375
3.5625 12.6875
3.59375 12.78125
3.625 12.875
3.65625 12.96875
3.6875 13.0625
3.71875 13.15625
3.75 13.25
3.78125 13.34375
3.8125 13.4375
3.84375 13.53125
3.875 13.625
3.90625 13.71875
3.9375 13.8125
3.96875 13.90625
4 14


-4 16
-3.96875 15.68896484375
-3.9375 15.380859375
-3.90625 15.07568359375
-3.875 14.7734375
-3.84375 14.47412109375
-3.8125 14.177734375
-3.78125 13.88427734375
-3.75 13.59375
-3.71875 13.30615234375
-3.6875 13.021484375
-3.65625 12.73974609375
-3.625 12.4609375
-3.59375 12.18505859375
-3.5625 11.912109375
-3.53125 11.64208984375
-3.5 11.375
-3.46875 11.11083984375
-3.4375 10.849609375
-3.40625 10.59130859375
-3.375 10.3359375
-3.34375 10.08349609375
-3.3125 9.833984375
-3.28125 9.58740234375
-3.25 9.34375
-3.21875 9.10302734375
-3.1875 8.865234375
-3.15625 8.63037109375
-3.125 8.3984375
-3.09375 8.16943359375
-3.0625 7.943359375
-3.03125 7.72021484375
-3 7.5
-2.96875 7.28271484375
-2.9375 7.068359375
-2.90625 6.85693359375
-2.875 6.6484375
-2.84375 6.44287109375
-2.8125 6.240234375
-2.78125 6.04052734375
-2.75 5.84375
-2.71875 5.64990234375
-2.6875 5.458984375
-2.65625 5.27099609375
-2.625 5.0859375
-2.59375 4.90380859375
-2.5625 4.724609375
-2.53125 4.54833984375
-2.5 4.375
-2.46875 4.20458984375
-2.4375 4.037109375
-2.40625 3.87255859375
-2.375 3.7109375
-2.34375 3.55224609375
-2.3125 3.396484375
-2.28125 3.24365234375
-2.25 3.09375
-2.21875 2.94677734375
-2.1875 2.802734375
-2.15625 2.66162109375
-2.125 2.5234375
-2.09375 2.38818359375
-2.0625 2.255859375
-2.03125 2.12646484375
-2 2
-1.96875 1.87646484375
-1.9375 1.755859375
-1.90625 1.63818359375
-1.875 1.5234375
-1.84375 1.41162109375
-1.8125 1.302734375
-1.78125 1.19677734375
-1.75 1.09375
-1.71875 0.99365234375
-1.6875 0.896484375
-1.65625 0.80224609375
-1.625 0.7109375
-1.59375 0.62255859375
-1.5625 0.537109375
-1.53125 0.45458984375
-1.5 0.375
-1.46875 0.29833984375
-1.4375 0.224609375
-1.40625 0.15380859375
-1.375 0.0859375
-1.34375 0.02099609375
-1.3125 -0.041015625
-1.28125 -0.10009765625
-1.25 -0.15625
-1.21875 -0.20947265625
-1.1875 -0.259765625
-1.15625 -0.30712890625
-1.125 -0.3515625
-1.09375 -0.39306640625
-1.0625 -0.431640625
-1.03125 -0.46728515625
-1 -0.5
-0.96875 -0.52978515625
-0.9375 -0.556640625
-0.90625 -0.58056640625
-0.875 -0.6015625
-0.84375 -0.61962890625
-0.8125 -0.634765625
-0.78125 -0.64697265625
-0.75 -0.65625
-0.71875 -0.66259765625
-0.6875 -0.666015625
-0.65625 -0.66650390625
-0.625 -0.6640625
-0.59375 -0.65869140625
-0.5625 -0.650390625
-0.53125 -0.63916015625
-0.5 -0.625
-0.46875 -0.60791015625
-0.4375 -0.587890625
-0.40625 -0.56494140625
-0.375 -0.5390625
-0.34375 -0.51025390625
-0.3125 -0.478515625
-0.28125 -0.44384765625
-0.25 -0.40625
-0.21875 -0.36572265625
-0.1875 -0.322265625
-0.15625 -0.27587890625
-0.125 -0.2265625
-0.09375 -0.17431640625
-0.0625 -0.119140625
-0.03125 -0.06103515625
0 1.77635683940025E-15
0.03125 0.0639648437500018
0.0625 0.130859375000002
0.09375 0.200683593750002
0.125 0.273437500000002
0.15625 0.349121093750002
0.1875 0.427734375000002
0.21875 0.509277343750002
0.25 0.593750000000002
0.28125 0.681152343750002
0.3125 0.771484375000002
0.34375 0.864746093750002
0.375 0.960937500000002
0.40625 1.06005859375
0.4375 1.162109375
0.46875 1.26708984375
0.5 1.375
0.53125 1.48583984375
0.5625 1.599609375
0.59375 1.71630859375
0.625 1.8359375
0.65625 1.95849609375
0.6875 2.083984375
0.71875 2.21240234375
0.75 2.34375
0.78125 2.47802734375
0.8125 2.615234375
0.84375 2.75537109375
0.875 2.8984375
0.90625 3.04443359375
0.9375 3.193359375
0.96875 3.34521484375
1 3.5
1.03125 3.65771484375
1.0625 3.818359375
1.09375 3.98193359375
1.125 4.1484375
1.15625 4.31787109375
1.1875 4.490234375
1.21875 4.66552734375
1.25 4.84375
1.28125 5.02490234375
1.3125 5.208984375
1.34375 5.39599609375
1.375 5.5859375
1.40625 5.77880859375
1.4375 5.974609375
1.46875 6.17333984375
1.5 6.375
1.53125 6.57958984375
1.5625 6.787109375
1.59375 6.99755859375
1.625 7.2109375
1.65625 7.42724609375
1.6875 7.646484375
1.71875 7.86865234375
1.75 8.09375
1.78125 8.32177734375
1.8125 8.552734375
1.84375 8.78662109375
1.875 9.0234375
1.90625 9.26318359375
1.9375 9.505859375
1.96875 9.75146484375
2 10
2.03125 10.25146484375
2.0625 10.505859375
2.09375 10.76318359375
2.125 11.0234375
2.15625 11.28662109375
2.1875 11.552734375
2.21875 11.82177734375
2.25 12.09375
2.28125 12.36865234375
2.3125 12.646484375
2.34375 12.92724609375
2.375 13.2109375
2.40625 13.49755859375
2.4375 13.787109375
2.46875 14.07958984375
2.5 14.375
2.53125 14.67333984375
2.5625 14.974609375
2.59375 15.27880859375
2.625 15.5859375
2.65625 15.89599609375
2.6875 16.208984375
2.71875 16.52490234375
2.75 16.84375
2.78125 17.16552734375
2.8125 17.490234375
2.84375 17.81787109375
2.875 18.1484375
2.90625 18.48193359375
2.9375 18.818359375
2.96875 19.15771484375
3 19.5
3.03125 19.84521484375
3.0625 20.193359375
3.09375 20.54443359375
3.125 20.8984375
3.15625 21.25537109375
3.1875 21.615234375
3.21875 21.97802734375
3.25 22.34375
3.28125 22.71240234375
3.3125 23.083984375
3.34375 23.45849609375
3.375 23.8359375
3.40625 24.21630859375
3.4375 24.599609375
3.46875 24.98583984375
3.5 25.375
3.53125 25.76708984375
3.5625 26.162109375
3.59375 26.56005859375
3.625 26.9609375
3.65625 27.36474609375
3.6875 27.771484375
3.71875 28.18115234375
3.75 28.59375
3.78125 29.00927734375
3.8125 29.427734375
3.84375 29.84912109375
3.875 30.2734375
3.90625 30.70068359375
3.9375 31.130859375
3.96875 31.56396484375
4 32


-3.984375 3
-3.953125 3
-3.921875 3
-3.890625 3
-3.859375 3
-3.828125 3
-3.796875 3
-3.765625 3
-3.734375 3
-3.703125 3
-3.671875 3
-3.640625 3
-3.609375 3
-3.578125 3
-3.546875 3
-3.515625 3
-3.484375 3
-3.453125 3
-3.421875 3
-3.390625 3
-3.359375 3
-3.328125 3
-3.296875 3
-3.265625 3
-3.234375 3
-3.203125 3
-3.171875 3
-3.140625 3
-3.109375 3
-3.078125 3
-3.046875 3
-3.015625 3
-2.984375 3
-2.953125 3
-2.921875 3
-2.890625 3
-2.859375 3
-2.828125 3
-2.796875 3
-2.765625 3
-2.734375 3
-2.703125 3
-2.671875 3
-2.640625 3
-2.609375 3
-2.578125 3
-2.546875 3
-2.515625 3
-2.484375 3
-2.453125 3
-2.421875 3
-2.390625 3
-2.359375 3
-2.328125 3
-2.296875 3
-2.265625 3
-2.234375 3
-2.203125 3
-2.171875 3
-2.140625 3
-2.109375 3
-2.078125 3
-2.046875 3
-2.015625 3
-1.984375 3
-1.953125 3
-1.921875 3
-1.890625 3
-1.859375 3.00000000000001
-1.828125 3.00000000000001
-1.796875 3
-1.765625 3
-1.734375 3
-1.703125 3
-1.671875 3
-1.640625 3
-1.609375 3
-1.578125 3
-1.546875 3
-1.515625 3
-1.484375 3
-1.453125 3
-1.421875 3
-1.390625 3
-1.359375 3
-1.328125 3
-1.296875 3
-1.265625 3
-1.234375 3
-1.203125 3
-1.171875 3
-1.140625 3
-1.109375 2.99999999999999
-1.078125 2.99999999999999
-1.046875 3
-1.015625 3
-0.984375 3
-0.953125 3
-0.921875 3
-0.890625 3
-0.859375 3
-0.828125 3
-0.796875 3
-0.765625 3
-0.734375 3
-0.703125 3
-0.671875 3
-0.640625 3
-0.609375 3
-0.578125 3
-0.546875 3
-0.515625 3
-0.484375 3
-0.453125 3
-0.421875 3
-0.390625 3.00000000000001
-0.359375 3.00000000000001
-0.328125 3
-0.296875 3
-0.265625 3
-0.234375 3
-0.203125 3
-0.171875 3
-0.140625 3
-0.109375 3
-0.078125 3
-0.046875 3
-0.015625 3
0.015625 3
0.046875 3
0.078125 3
0.109375 3
0.140625 3
0.171875 3
0.203125 3
0.234375 3
0.265625 3
0.296875 3
0.328125 2.99999999999999
0.359375 2.99999999999999
0.390625 3
0.421875 3
0.453125 3
0.484375 3
0.515625 3
0.546875 3
0.578125 3
0.609375 3
0.640625 3
0.671875 3
0.703125 3
0.734375 3
0.765625 3
0.796875 3
0.828125 3
0.859375 3
0.890625 3
0.921875 3
0.953125 3
0.984375 3
1.015625 3
1.046875 3
1.078125 3.00000000000001
1.109375 3
1.140625 3
1.171875 3
1.203125 3
1.234375 3
1.265625 3
1.296875 3
1.328125 3
1.359375 3
1.390625 3
1.421875 3
1.453125 3
1.484375 3
1.515625 3
1.546875 3
1.578125 3
1.609375 3
1.640625 3
1.671875 3
1.703125 3
1.734375 3
1.765625 3
1.796875 2.99999999999999
1.828125 2.99999999999999
1.859375 3
1.890625 3
1.921875 3
1.953125 3
1.984375 3
2.015625 3
2.046875 3
2.078125 3
2.109375 3
2.140625 3
2.171875 3
2.203125 3
2.234375 3
2.265625 3
2.296875 3
2.328125 3
2.359375 3
2.390625 3
2.421875 3
2.453125 3
2.484375 3
2.515625 3
2.546875 3
2.578125 3
2.609375 3
2.640625 3
2.671875 3
2.703125 3
2.734375 3
2.765625 3
2.796875 3
2.828125 3
2.859375 3
2.890625 3
2.921875 3
2.953125 3
2.984375 3
3.015625 3
3.046875 3
3.078125 3
3.109375 3
3.140625 3
3.171875 3
3.203125 3
3.234375 3
3.265625 3
3.296875 3
3.328125 3
3.359375 3
3.390625 3
3.421875 3
3.453125 3
3.484375 3
3.515625 3
3.546875 3
3.578125 3
3.609375 3
3.640625 3
3.671875 3
3.703125 3
3.734375 3
3.765625 3
3.796875 3
3.828125 3
3.859375 3
3.890625 3
3.921875 3
3.953125 3
3.984375 3


-4 34
-3.27272727272727 17.9338842975207
-2.54545454545455 6.09917355371901
-1.81818181818182 -1.50413223140496
-1.09090909090909 -4.87603305785124
-0.363636363636363 -4.01652892561983
0.363636363636363 1.07438016528925
1.09090909090909 10.396694214876
1.81818181818182 23.9504132231405
2.54545454545455 41.7355371900827
3.27272727272727 63.7520661157025
4 90


-4 34
-3.96875 33.3096590909091
-3.9375 32.6193181818182
-3.90625 31.9289772727273
-3.875 31.2386363636364
-3.84375 30.5482954545455
-3.8125 29.8579545454545
-3.78125 29.1676136363636
-3.75 28.4772727272727
-3.71875 27.7869318181818
-3.6875 27.0965909090909
-3.65625 26.40625
-3.625 25.7159090909091
-3.59375 25.0255681818182
-3.5625 24.3352272727273
-3.53125 23.6448863636364
-3.5 22.9545454545455
-3.46875 22.2642045454545
-3.4375 21.5738636363636
-3.40625 20.8835227272727
-3.375 20.1931818181818
-3.34375 19.5028409090909
-3.3125 18.8125
-3.28125 18.1221590909091
-3.25 17.4359504132231
-3.21875 16.7647856404959
-3.1875 16.1092458677686
-3.15625 15.4693310950413
-3.125 14.845041322314
-3.09375 14.2363765495868
-3.0625 13.6433367768595
-3.03125 13.0659220041322
-3 12.504132231405
-2.96875 11.9579674586777
-2.9375 11.4274276859504
-2.90625 10.9125129132231
-2.875 10.4132231404959
-2.84375 9.92955836776859
-2.8125 9.46151859504132
-2.78125 9.00910382231405
-2.75 8.57231404958678
-2.71875 8.1511492768595
-2.6875 7.74560950413223
-2.65625 7.35569473140496
-2.625 6.98140495867769
-2.59375 6.62274018595041
-2.5625 6.27970041322314
-2.53125 5.95067148760331
-2.5 5.62396694214876
-2.46875 5.29726239669422
-2.4375 4.97055785123967
-2.40625 4.64385330578513
-2.375 4.31714876033058
-2.34375 3.99044421487604
-2.3125 3.66373966942149
-2.28125 3.33703512396694
-2.25 3.0103305785124
-2.21875 2.68362603305785
-2.1875 2.35692148760331
-2.15625 2.03021694214876
-2.125 1.70351239669422
-2.09375 1.37680785123967
-2.0625 1.05010330578513
-2.03125 0.72339876033058
-2 0.396694214876034
-1.96875 0.0699896694214881
-1.9375 -0.256714876033057
-1.90625 -0.583419421487603
-1.875 -0.910123966942148
-1.84375 -1.23682851239669
-1.8125 -1.56327479338843
-1.78125 -1.87932592975207
-1.75 -2.1797520661157
-1.71875 -2.46455320247934
-1.6875 -2.73372933884298
-1.65625 -2.98728047520661
-1.625 -3.22520661157025
-1.59375 -3.44750774793389
-1.5625 -3.65418388429752
-1.53125 -3.84523502066116
-1.5 -4.0206611570248
-1.46875 -4.18046229338843
-1.4375 -4.32463842975207
-1.40625 -4.45318956611571
-1.375 -4.56611570247934
-1.34375 -4.66341683884298
-1.3125 -4.74509297520661
-1.28125 -4.81114411157025
-1.25 -4.86157024793389
-1.21875 -4.89637138429752
-1.1875 -4.91554752066116
-1.15625 -4.9190986570248
-1.125 -4.90702479338843
-1.09375 -4.87932592975207
-1.0625 -4.84245867768595
-1.03125 -4.80552685950413
-1 -4.76859504132231
-0.96875 -4.73166322314049
-0.9375 -4.69473140495868
-0.90625 -4.65779958677686
-0.875 -4.62086776859504
-0.84375 -4.58393595041322
-0.8125 -4.5470041322314
-0.78125 -4.51007231404958
-0.75 -4.47314049586777
-0.71875 -4.43620867768595
-0.6875 -4.39927685950413
-0.65625 -4.36234504132231
-0.625 -4.32541322314049
-0.59375 -4.28848140495868
-0.5625 -4.25154958677686
-0.53125 -4.21461776859504
-0.5 -4.17768595041322
-0.46875 -4.1407541322314
-0.4375 -4.10382231404958
-0.40625 -4.06689049586777
-0.375 -4.02995867768595
-0.34375 -3.98986311983471
-0.3125 -3.93517561983471
-0.28125 -3.86486311983471
-0.25 -3.77892561983471
-0.21875 -3.67736311983471
-0.1875 -3.56017561983471
-0.15625 -3.42736311983471
-0.125 -3.27892561983471
-0.09375 -3.11486311983471
-0.0625 -2.93517561983471
-0.03125 -2.73986311983471
0 -2.52892561983471
0.03125 -2.30236311983471
0.0625 -2.06017561983471
0.09375 -1.80236311983471
0.125 -1.52892561983471
0.15625 -1.23986311983471
0.1875 -0.935175619834712
0.21875 -0.614863119834711
0.25 -0.278925619834711
0.28125 0.0726368801652892
0.3125 0.43982438016529
0.34375 0.82263688016529
0.375 1.22004132231405
0.40625 1.62060950413223
0.4375 2.02117768595041
0.46875 2.4217458677686
0.5 2.82231404958678
0.53125 3.22288223140496
0.5625 3.62345041322314
0.59375 4.02401859504132
0.625 4.42458677685951
0.65625 4.82515495867769
0.6875 5.22572314049587
0.71875 5.62629132231405
0.75 6.02685950413223
0.78125 6.42742768595042
0.8125 6.8279958677686
0.84375 7.22856404958678
0.875 7.62913223140496
0.90625 8.02970041322314
0.9375 8.43026859504132
0.96875 8.8308367768595
1 9.23140495867769
1.03125 9.63197314049587
1.0625 10.0325413223141
1.09375 10.4331740702479
1.125 10.8429752066116
1.15625 11.2684013429752
1.1875 11.7094524793388
1.21875 12.1661286157025
1.25 12.6384297520661
1.28125 13.1263558884298
1.3125 13.6299070247934
1.34375 14.149083161157
1.375 14.6838842975207
1.40625 15.2343104338843
1.4375 15.8003615702479
1.46875 16.3820377066116
1.5 16.9793388429752
1.53125 17.5922649793388
1.5625 18.2208161157025
1.59375 18.8649922520661
1.625 19.5247933884298
1.65625 20.2002195247934
1.6875 20.891270661157
1.71875 21.5979467975207
1.75 22.3202479338843
1.78125 23.0581740702479
1.8125 23.8117252066116
1.84375 24.5756714876033
1.875 25.3398760330579
1.90625 26.1040805785124
1.9375 26.8682851239669
1.96875 27.6324896694215
2 28.396694214876
2.03125 29.1608987603306
2.0625 29.9251033057851
2.09375 30.6893078512397
2.125 31.4535123966942
2.15625 32.2177169421488
2.1875 32.9819214876033
2.21875 33.7461260330579
2.25 34.5103305785124
2.28125 35.2745351239669
2.3125 36.0387396694215
2.34375 36.802944214876
2.375 37.5671487603306
2.40625 38.3313533057851
2.4375 39.0955578512397
2.46875 39.8597623966942
2.5 40.6239669421488
2.53125 41.3881714876033
2.5625 42.1547004132231
2.59375 42.9352401859504
2.625 43.7314049586777
2.65625 44.543194731405
2.6875 45.3706095041322
2.71875 46.2136492768595
2.75 47.0723140495868
2.78125 47.946603822314
2.8125 48.8365185950413
2.84375 49.7420583677686
2.875 50.6632231404959
2.90625 51.6000129132231
2.9375 52.5524276859504
2.96875 53.5204674586777
3 54.5041322314049
3.03125 55.5034220041322
3.0625 56.5183367768595
3.09375 57.5488765495868
3.125 58.595041322314
3.15625 59.6568310950413
3.1875 60.7342458677686
3.21875 61.8272856404959
3.25 62.9359504132231
3.28125 64.0596590909091
3.3125 65.1875
3.34375 66.3153409090909
3.375 67.4431818181818
3.40625 68.5710227272727
3.4375 69.6988636363636
3.46875 70.8267045454545
3.5 71.9545454545454
3.53125 73.0823863636364
3.5625 74.2102272727273
3.59375 75.3380681818182
3.625 76.4659090909091
3.65625 77.59375
3.6875 78.7215909090909
3.71875 79.8494318181818
3.75 80.9772727272727
3.78125 82.1051136363636
3.8125 83.2329545454545
3.84375 84.3607954545454
3.875 85.4886363636364
3.90625 86.6164772727273
3.9375 87.7443181818182
3.96875 88.8721590909091
4 90


-4 -21.3333333333333
-3.96875 -20.2816199100379
-3.9375 -19.2514796401515
-3.90625 -18.2429125236742
-3.875 -17.2559185606061
-3.84375 -16.290497750947
-3.8125 -15.346650094697
-3.78125 -14.424375591856
-3.75 -13.5236742424242
-3.71875 -12.6445460464015
-3.6875 -11.7869910037879
-3.65625 -10.9510091145833
-3.625 -10.1366003787879
-3.59375 -9.34376479640152
-3.5625 -8.57250236742424
-3.53125 -7.82281309185606
-3.5 -7.09469696969697
-3.46875 -6.38815400094697
-3.4375 -5.70318418560606
-3.40625 -5.03978752367424
-3.375 -4.39796401515152
-3.34375 -3.77771366003788
-3.3125 -3.17903645833331
-3.28125 -2.60193241003788
-3.25 -2.04637021036812
-3.21875 -1.51202439963294
-3.1875 -0.998408347420479
-3.15625 -0.505033772480729
-3.125 -0.0314123935637269
-3.09375 0.422944070580563
-3.0625 0.858523901202119
-3.03125 1.27581537955095
-3 1.67530678687706
-2.96875 2.05748640443042
-2.9375 2.42284251346108
-2.90625 2.771863395219
-2.875 3.10503733095419
-2.84375 3.42285260191666
-2.8125 3.7257974893564
-2.78125 4.0143602745234
-2.75 4.28902923866768
-2.71875 4.55029266303923
-2.6875 4.79863882888806
-2.65625 5.03455601746417
-2.625 5.25853251001753
-2.59375 5.47105658779819
-2.5625 5.67261653205611
-2.53125 5.86369298127193
-2.5 6.04454670673681
-2.46875 6.21519091515623
-2.4375 6.37562560653019
-2.40625 6.5258507808587
-2.375 6.66586643814176
-2.34375 6.79567257837937
-2.3125 6.91526920157152
-2.28125 7.02465630771822
-2.25 7.12383389681945
-2.21875 7.21280196887524
-2.1875 7.29156052388556
-2.15625 7.36010956185044
-2.125 7.41844908276987
-2.09375 7.46657908664383
-2.0625 7.50449957347234
-2.03125 7.5322105432554
-2 7.54971199599301
-1.96875 7.55700393168516
-1.9375 7.55408635033186
-1.90625 7.54095925193309
-1.875 7.51762263648888
-1.84375 7.4840765039992
-1.8125 7.44032134360133
-1.78125 7.38649001719808
-1.75 7.32302623340848
-1.71875 7.25041827348252
-1.6875 7.16915441867019
-1.65625 7.0797229502215
-1.625 6.98261214938645
-1.59375 6.87831029741503
-1.5625 6.76730567555725
-1.53125 6.6500865650631
-1.5 6.52714124718258
-1.46875 6.39895800316572
-1.4375 6.26602511426248
-1.40625 6.12883086172288
-1.375 5.98786352679691
-1.34375 5.84361139073458
-1.3125 5.69656273478589
-1.28125 5.54720584020084
-1.25 5.39602898822942
-1.21875 5.24352046012163
-1.1875 5.09016853712749
-1.15625 4.93646150049698
-1.125 4.78288763148011
-1.09375 4.62993521132687
-1.0625 4.47803137913225
-1.03125 4.32728160511365
-1 4.17768595041324
-0.96875 4.02924441503101
-0.9375 3.88195699896696
-0.90625 3.7358237022211
-0.875 3.59084452479341
-0.84375 3.4470194666839
-0.8125 3.30434852789258
-0.78125 3.16283170841944
-0.75 3.02246900826448
-0.71875 2.8832604274277
-0.6875 2.74520596590911
-0.65625 2.6083056237087
-0.625 2.47255940082647
-0.59375 2.33796729726242
-0.5625 2.20452931301655
-0.53125 2.07224544808886
-0.5 1.94111570247936
-0.46875 1.81114007618804
-0.4375 1.6823185692149
-0.40625 1.55465118155993
-0.375 1.42813791322316
-0.34375 1.30279973596374
-0.3125 1.17893031555224
-0.28125 1.05701402014073
-0.25 0.937539130979232
-0.21875 0.820993929317737
-0.1875 0.707866696406228
-0.15625 0.598645713494733
-0.125 0.493819261833224
-0.09375 0.393875622671729
-0.0625 0.299303077260227
-0.03125 0.210589906848725
0 0.128224392687223
0.03125 0.0526948160257206
0.0625 -0.0155105418857886
0.09375 -0.0759033997972836
0.125 -0.127995476458779
0.15625 -0.171298490620288
0.1875 -0.205324161031783
0.21875 -0.229584206443292
0.25 -0.243590345604787
0.28125 -0.246854297266282
0.3125 -0.238887780177791
0.34375 -0.2192025130893
0.375 -0.187314127848708
0.40625 -0.142928958685502
0.4375 -0.0860260338404544
0.46875 -0.0166053533135937
0.5 0.06533308289508
0.53125 0.159789274785581
0.5625 0.266763222357895
0.59375 0.386254925612029
0.625 0.518264384547976
0.65625 0.662791599165743
0.6875 0.819836569465338
0.71875 0.989399295446738
0.75 1.17147977710997
0.78125 1.366078014455
0.8125 1.57319400748186
0.84375 1.79282775619054
0.875 2.02497926058103
0.90625 2.26964852065335
0.9375 2.52683553640748
0.96875 2.79654030784343
1 3.0787628349612
1.03125 3.37350311776079
1.0625 3.68076115624219
1.09375 4.00053701154757
1.125 4.33293615389434
1.15625 4.67838572237746
1.1875 5.03737399824695
1.21875 5.41038926275281
1.25 5.79791979714503
1.28125 6.20045388267361
1.3125 6.61847980058855
1.34375 7.05248583213986
1.375 7.50296025857753
1.40625 7.97039136115157
1.4375 8.45526742111197
1.46875 8.95807671970873
1.5 9.47930753819185
1.53125 10.0194481578113
1.5625 10.5789868598172
1.59375 11.1584119254594
1.625 11.758211635988
1.65625 12.3788742726529
1.6875 13.0208881167043
1.71875 13.6847414493919
1.75 14.370922551966
1.78125 15.0799197056764
1.8125 15.8122211917731
1.84375 16.5682707188752
1.875 17.3482011488856
1.90625 18.1520129709413
1.9375 18.9797061850426
1.96875 19.8312807911893
2 20.7067367893814
2.03125 21.606074179619
2.0625 22.5292929619021
2.09375 23.4763931362306
2.125 24.4473747026046
2.15625 25.442237661024
2.1875 26.4609820114889
2.21875 27.5036077539992
2.25 28.570114888555
2.28125 29.6605034151562
2.3125 30.7747733338029
2.34375 31.9129246444951
2.375 33.0749573472327
2.40625 34.2608714420157
2.4375 35.4706669288442
2.46875 36.7043438077182
2.5 37.9619020786376
2.53125 39.2433417416025
2.5625 40.5486760033183
2.59375 41.8781656350763
2.625 43.2322912753569
2.65625 44.6115412054103
2.6875 46.0164037064864
2.71875 47.4473670598352
2.75 48.9049195467068
2.78125 50.389549448351
2.8125 51.901745046018
2.84375 53.4419946209578
2.875 55.0107864544203
2.90625 56.6086088276555
2.9375 58.2359500219134
2.96875 59.893298318444
3 61.5811419984974
3.03125 63.2999693433235
3.0625 65.0502686341723
3.09375 66.8325281522939
3.125 68.6472361789382
3.15625 70.4948809953552
3.1875 72.3759508827949
3.21875 74.2909341225074
3.25 76.2403189957426
3.28125 78.2245921329123
3.3125 80.2440789937078
3.34375 82.2988108829123
3.375 84.388787800526
3.40625 86.5140097465487
3.4375 88.6744767209805
3.46875 90.8701887238214
3.5 93.1011457550714
3.53125 95.3673478147305
3.5625 97.6687949027987
3.59375 100.005487019276
3.625 102.377424164162
3.65625 104.784606337458
3.6875 107.227033539162
3.71875 109.704705769276
3.75 112.217623027799
3.78125 114.765785314731
3.8125 117.349192630071
3.84375 119.967844973821
3.875 122.621742345981
3.90625 125.310884746549
3.9375 128.035272175526
3.96875 130.794904632912
4 133.589782118708


-4 -22.0909090909091
-3.96875 -22.0909090909091
-3.9375 -22.0909090909091
-3.90625 -22.0909090909091
-3.875 -22.0909090909091
-3.84375 -22.0909090909091
-3.8125 -22.0909090909091
-3.78125 -22.0909090909091
-3.75 -22.0909090909091
-3.71875 -22.0909090909091
-3.6875 -22.0909090909091
-3.65625 -22.0909090909091
-3.625 -22.0909090909091
-3.59375 -22.0909090909091
-3.5625 -22.0909090909091
-3.53125 -22.0909090909091
-3.5 -22.0909090909091
-3.46875 -22.0909090909091
-3.4375 -22.0909090909091
-3.40625 -22.0909090909091
-3.375 -22.0909090909091
-3.34375 -22.0909090909091
-3.3125 -22.0909090909091
-3.28125 -22.0909090909091
-3.25 -21.7272727272727
-3.21875 -21.2272727272727
-3.1875 -20.7272727272727
-3.15625 -20.2272727272727
-3.125 -19.7272727272727
-3.09375 -19.2272727272727
-3.0625 -18.7272727272727
-3.03125 -18.2272727272727
-3 -17.7272727272727
-2.96875 -17.2272727272727
-2.9375 -16.7272727272727
-2.90625 -16.2272727272727
-2.875 -15.7272727272727
-2.84375 -15.2272727272727
-2.8125 -14.7272727272727
-2.78125 -14.2272727272727
-2.75 -13.7272727272727
-2.71875 -13.2272727272727
-2.6875 -12.7272727272727
-2.65625 -12.2272727272727
-2.625 -11.7272727272727
-2.59375 -11.2272727272727
-2.5625 -10.7272727272727
-2.53125 -10.4545454545454
-2.5 -10.4545454545454
-2.46875 -10.4545454545454
-2.4375 -10.4545454545454
-2.40625 -10.4545454545454
-2.375 -10.4545454545455
-2.34375 -10.4545454545455
-2.3125 -10.4545454545455
-2.28125 -10.4545454545455
-2.25 -10.4545454545455
-2.21875 -10.4545454545455
-2.1875 -10.4545454545455
-2.15625 -10.4545454545455
-2.125 -10.4545454545455
-2.09375 -10.4545454545455
-2.0625 -10.4545454545455
-2.03125 -10.4545454545455
-2 -10.4545454545455
-1.96875 -10.4545454545455
-1.9375 -10.4545454545455
-1.90625 -10.4545454545455
-1.875 -10.4545454545455
-1.84375 -10.4545454545455
-1.8125 -10.3636363636364
-1.78125 -9.86363636363637
-1.75 -9.36363636363637
-1.71875 -8.86363636363637
-1.6875 -8.36363636363637
-1.65625 -7.86363636363637
-1.625 -7.36363636363637
-1.59375 -6.86363636363637
-1.5625 -6.36363636363637
-1.53125 -5.86363636363637
-1.5 -5.36363636363637
-1.46875 -4.86363636363636
-1.4375 -4.36363636363636
-1.40625 -3.86363636363636
-1.375 -3.36363636363636
-1.34375 -2.86363636363636
-1.3125 -2.36363636363636
-1.28125 -1.86363636363636
-1.25 -1.36363636363636
-1.21875 -0.863636363636356
-1.1875 -0.363636363636356
-1.15625 0.136363636363646
-1.125 0.636363636363646
-1.09375 1.13636363636365
-1.0625 1.18181818181819
-1.03125 1.18181818181819
-1 1.18181818181819
-0.96875 1.18181818181819
-0.9375 1.18181818181819
-0.90625 1.18181818181819
-0.875 1.18181818181819
-0.84375 1.18181818181819
-0.8125 1.18181818181819
-0.78125 1.18181818181819
-0.75 1.18181818181818
-0.71875 1.18181818181818
-0.6875 1.18181818181818
-0.65625 1.18181818181818
-0.625 1.18181818181818
-0.59375 1.18181818181818
-0.5625 1.18181818181818
-0.53125 1.18181818181818
-0.5 1.18181818181818
-0.46875 1.18181818181818
-0.4375 1.18181818181818
-0.40625 1.18181818181817
-0.375 1.18181818181817
-0.34375 1.49999999999999
-0.3125 1.99999999999999
-0.28125 2.49999999999999
-0.25 2.99999999999999
-0.21875 3.49999999999999
-0.1875 3.99999999999999
-0.15625 4.49999999999999
-0.125 4.99999999999999
-0.09375 5.5
-0.0625 6
-0.03125 6.5
0 7
0.03125 7.5
0.0625 8
0.09375 8.5
0.125 9
0.15625 9.50000000000001
0.1875 10
0.21875 10.5
0.25 11
0.28125 11.5
0.3125 12
0.34375 12.5
0.375 12.8181818181818
0.40625 12.8181818181818
0.4375 12.8181818181818
0.46875 12.8181818181818
0.5 12.8181818181818
0.53125 12.8181818181818
0.5625 12.8181818181818
0.59375 12.8181818181818
0.625 12.8181818181818
0.65625 12.8181818181818
0.6875 12.8181818181818
0.71875 12.8181818181818
0.75 12.8181818181818
0.78125 12.8181818181818
0.8125 12.8181818181818
0.84375 12.8181818181818
0.875 12.8181818181818
0.90625 12.8181818181818
0.9375 12.8181818181818
0.96875 12.8181818181818
1 12.8181818181818
1.03125 12.8181818181818
1.0625 12.8181818181818
1.09375 12.8636363636364
1.125 13.3636363636364
1.15625 13.8636363636364
1.1875 14.3636363636364
1.21875 14.8636363636364
1.25 15.3636363636364
1.28125 15.8636363636364
1.3125 16.3636363636364
1.34375 16.8636363636364
1.375 17.3636363636364
1.40625 17.8636363636364
1.4375 18.3636363636364
1.46875 18.8636363636364
1.5 19.3636363636364
1.53125 19.8636363636364
1.5625 20.3636363636364
1.59375 20.8636363636364
1.625 21.3636363636364
1.65625 21.8636363636364
1.6875 22.3636363636364
1.71875 22.8636363636364
1.75 23.3636363636364
1.78125 23.8636363636364
1.8125 24.3636363636364
1.84375 24.4545454545455
1.875 24.4545454545455
1.90625 24.4545454545455
1.9375 24.4545454545455
1.96875 24.4545454545455
2 24.4545454545455
2.03125 24.4545454545455
2.0625 24.4545454545455
2.09375 24.4545454545455
2.125 24.4545454545455
2.15625 24.4545454545454
2.1875 24.4545454545454
2.21875 24.4545454545454
2.25 24.4545454545454
2.28125 24.4545454545454
2.3125 24.4545454545454
2.34375 24.4545454545454
2.375 24.4545454545454
2.40625 24.4545454545454
2.4375 24.4545454545454
2.46875 24.4545454545454
2.5 24.4545454545454
2.53125 24.4545454545454
2.5625 24.7272727272727
2.59375 25.2272727272727
2.625 25.7272727272727
2.65625 26.2272727272727
2.6875 26.7272727272727
2.71875 27.2272727272727
2.75 27.7272727272727
2.78125 28.2272727272727
2.8125 28.7272727272727
2.84375 29.2272727272727
2.875 29.7272727272727
2.90625 30.2272727272727
2.9375 30.7272727272727
2.96875 31.2272727272727
3 31.7272727272727
3.03125 32.2272727272727
3.0625 32.7272727272727
3.09375 33.2272727272727
3.125 33.7272727272727
3.15625 34.2272727272727
3.1875 34.7272727272727
3.21875 35.2272727272727
3.25 35.7272727272727
3.28125 36.0909090909091
3.3125 36.0909090909091
3.34375 36.0909090909091
3.375 36.0909090909091
3.40625 36.0909090909091
3.4375 36.0909090909091
3.46875 36.0909090909091
3.5 36.0909090909091
3.53125 36.0909090909091
3.5625 36.0909090909091
3.59375 36.0909090909091
3.625 36.0909090909091
3.65625 36.0909090909091
3.6875 36.0909090909091
3.71875 36.0909090909091
3.75 36.0909090909091
3.78125 36.0909090909091
3.8125 36.0909090909091
3.84375 36.0909090909091
3.875 36.0909090909091
3.90625 36.0909090909091
3.9375 36.0909090909091
3.96875 36.0909090909091
4 36.0909090909091


-4 18.5962616762654
-3.66666666666667 121.63147785438
-3.33333333333333 109.38847613199
-3 0.544360852530247
-2.66666666666667 -95.9649215477069
-2.33333333333333 -94.7238016707514
-2 -13.3860031103924
-1.66666666666667 59.3348996473897
-1.33333333333333 61.7353932453717
-1 13.8994470876981
-0.666666666666667 -21.5944485114941
-0.333333333333333 -16.4632085545778
0 0
0.333333333333333 -8.98502723462201
0.666666666666666 -33.037037037037
1 -26.4748129875388
1.33333333333333 26.7567003054014
1.66666666666667 77.9160761213313
2 60.1352131194523
2.33333333333333 -29.4903612813064
2.66666666666667 -109.815031302827
3 -92.7299772842265
3.33333333333333 18.8611154937092
3.66666666666667 122.125200657802
4 114.113727954398


-4 18.5962616762654
-3.96875 30.4963937048841
-3.9375 42.2773224353317
-3.90625 53.8198445694371
-3.875 65.004756809029
-3.84375 75.7128558559363
-3.8125 85.824938411988
-3.78125 95.2218011790128
-3.75 103.78424085884
-3.71875 111.393054153297
-3.6875 117.929037764215
-3.65625 123.273885318369
-3.625 127.363105939443
-3.59375 130.215622771319
-3.5625 131.857534357471
-3.53125 132.314939241369
-3.5 131.613935966486
-3.46875 129.780623076292
-3.4375 126.841099114259
-3.40625 122.82146262386
-3.375 117.747812148565
-3.34375 111.646246231847
-3.3125 104.546865754922
-3.28125 96.5262987752989
-3.25 87.6911908835786
-3.21875 78.1486879625795
-3.1875 68.0059358951199
-3.15625 57.3700805640185
-3.125 46.3482678520936
-3.09375 35.0476436421638
-3.0625 23.5753538170477
-3.03125 12.0385442595636
-3 0.544360852530197
-2.96875 -10.8039280602497
-2.9375 -21.9185642910357
-2.90625 -32.7156671911029
-2.875 -43.1113561117267
-2.84375 -53.0217504041821
-2.8125 -62.3629694197444
-2.78125 -71.0511325096887
-2.75 -79.0023590252903
-2.71875 -86.1327683178244
-2.6875 -92.3584797385661
-2.65625 -97.5962562657281
-2.625 -101.80147849377
-2.59375 -104.989384322335
-2.5625 -107.180360666565
-2.53125 -108.394794441602
-2.5 -108.653072562589
-2.46875 -107.975581944667
-2.4375 -106.38270950298
-2.40625 -103.894842152669
-2.375 -100.532366808878
-2.34375 -96.3156703867469
-2.3125 -91.2685582405814
-2.28125 -85.4545750799412
-2.25 -78.9629039081
-2.21875 -71.8831550332265
-2.1875 -64.3049387634896
-2.15625 -56.3178654070581
-2.125 -48.011545272101
-2.09375 -39.475588666787
-2.0625 -30.799605899285
-2.03125 -22.0732072777639
-2 -13.3860031103924
-1.96875 -4.82262836222511
-1.9375 3.5521833741413
-1.90625 11.6786738492244
-1.875 19.4970848135418
-1.84375 26.9476580176111
-1.8125 33.9706352119499
-1.78125 40.5062581470758
-1.75 46.4947685735065
-1.71875 51.8764082417595
-1.6875 56.5914189023524
-1.65625 60.58055680448
-1.625 63.8154481179619
-1.59375 66.3155673895862
-1.5625 68.104505155558
-1.53125 69.2058519520821
-1.5 69.6431983153634
-1.46875 69.440134781607
-1.4375 68.6202518870175
-1.40625 67.2071401678
-1.375 65.2243901601594
-1.34375 62.6955924003007
-1.3125 59.6463669381829
-1.28125 56.1259269211591
-1.25 52.1987068497397
-1.21875 47.9293949136544
-1.1875 43.3826793026327
-1.15625 38.6232482064042
-1.125 33.7157898146987
-1.09375 28.7249923172457
-1.0625 23.7155439037748
-1.03125 18.7521327640157
-1 13.8994470876981
-0.96875 9.21589957085449
-0.9375 4.73480093472973
-0.90625 0.483186406871575
-0.875 -3.51190878517218
-0.84375 -7.22344941385376
-0.8125 -10.6244002516254
-0.78125 -13.6877260709392
-0.75 -16.3863916442476
-0.71875 -18.6933617440026
-0.6875 -20.5816011426565
-0.65625 -22.024445211822
-0.625 -23.0174652727381
-0.59375 -23.5906983685652
-0.5625 -23.7771463357468
-0.53125 -23.6098110107269
-0.5 -23.121694229949
-0.46875 -22.3457978298569
-0.4375 -21.3151236468943
-0.40625 -20.062673517505
-0.375 -18.6214492781327
-0.34375 -17.0244527652211
-0.3125 -15.3050239386777
-0.28125 -13.5004334436759
-0.25 -11.6504878513674
-0.21875 -9.79503599833672
-0.1875 -7.9739267211683
-0.15625 -6.22700885644671
-0.125 -4.5941312407565
-0.09375 -3.11514271068219
-0.0625 -1.82989210280832
-0.03125 -0.77822825371941
0 -1.77635683940025E-15
0.03125 0.473345537117377
0.0625 0.6439680978082
0.09375 0.522429137599946
0.125 0.119290112020093
0.15625 -0.554887523403879
0.1875 -1.4895423131445
0.21875 -2.67411280167428
0.25 -4.09803753346575
0.28125 -5.75075505299142
0.3125 -7.62170390472383
0.34375 -9.70008581280614
0.375 -11.9608932816205
0.40625 -14.3570945249195
0.4375 -16.839763193821
0.46875 -19.3599729394427
0.5 -21.8687974129024
0.53125 -24.317310265318
0.5625 -26.6565851478071
0.59375 -28.8376957114876
0.625 -30.8117156074773
0.65625 -32.529718486894
0.6875 -33.9442274934583
0.71875 -35.0246161223986
0.75 -35.7511290634649
0.78125 -36.1041921929821
0.8125 -36.0642313872754
0.84375 -35.6116725226699
0.875 -34.7269414754906
0.90625 -33.3904641220628
0.9375 -31.5826663387115
0.96875 -29.2839740017618
1 -26.4748129875389
1.03125 -23.1468463755824
1.0625 -19.3366860582912
1.09375 -15.0921811312787
1.125 -10.4611806901582
1.15625 -5.49153383054319
1.1875 -0.231089648047035
1.21875 5.27230276171684
1.25 10.970794303135
1.28125 16.8165358805941
1.3125 22.7616783984808
1.34375 28.7582412868983
1.375 34.7503555189645
1.40625 40.6699249594685
1.4375 46.447801678935
1.46875 52.0148377478884
1.5 57.3018852368534
1.53125 62.2397962163544
1.5625 66.759422756916
1.59375 70.7916169290629
1.625 74.2672308033194
1.65625 77.1171164502102
1.6875 79.2752372013413
1.71875 80.7117247983903
1.75 81.4200454411456
1.78125 81.3940542370309
1.8125 80.6276062934699
1.84375 79.114556717886
1.875 76.8487606177031
1.90625 73.8240731003446
1.9375 70.0343492732342
1.96875 65.4734442437956
2 60.1352131194523
2.03125 54.0277631946938
2.0625 47.2162105122726
2.09375 39.7799233020072
2.125 31.7982697937159
2.15625 23.3506182172172
2.1875 14.5163368023294
2.21875 5.37479377887096
2.25 -3.9946426233398
2.28125 -13.5126041744845
2.3125 -23.0997226447446
2.34375 -32.6765651419201
2.375 -42.1598190308979
2.40625 -51.4601580750506
2.4375 -60.4877387386959
2.46875 -69.1527174861512
2.5 -77.3652507817343
2.53125 -85.0354950897626
2.5625 -92.0736068745537
2.59375 -98.3897426004253
2.625 -103.894058731695
2.65625 -108.49671173268
2.6875 -112.112450133212
2.71875 -114.709405224721
2.75 -116.290148789989
2.78125 -116.857826619991
2.8125 -116.415584505698
2.84375 -114.966568238083
2.875 -112.51392360812
2.90625 -109.060796406779
2.9375 -104.610332425035
2.96875 -99.1656774538601
3 -92.7299772842265
3.03125 -85.3211227001886
3.0625 -77.0159844581267
3.09375 -67.9061783075022
3.125 -58.0833199977767
3.15625 -47.6390252784119
3.1875 -36.6649098988693
3.21875 -25.2525896086106
3.25 -13.4936801570973
3.28125 -1.47979729379105
3.3125 10.6974432318466
3.34375 22.9461345198786
3.375 35.1569006418433
3.40625 47.1932886750661
3.4375 58.9165164930689
3.46875 70.1878019693737
3.5 80.8683629775024
3.53125 90.819417390977
3.5625 99.9021830833195
3.59375 107.977877928052
3.625 114.907719798696
3.65625 120.552926568774
3.6875 124.788373614671
3.71875 127.647704783547
3.75 129.266995194032
3.78125 129.784027152615
3.8125 129.336582965783
3.84375 128.062444940024
3.875 126.099395381825
3.90625 123.585216597676
3.9375 120.657690894063
3.96875 117.454600577474
4 114.113727954398


-4 -45.82858806
-3.96875 -45.0613601070414
-3.9375 -43.9238051544679
-3.90625 -42.4215108568777
-3.875 -40.5637899719453
-3.84375 -38.3636803604025
-3.8125 -35.8379449860671
-3.78125 -33.0070719157887
-3.75 -29.8952743195299
-3.71875 -26.530490470292
-3.6875 -22.9443837441544
-3.65625 -19.1723402845138
-3.625 -15.2528827308476
-3.59375 -11.225028494436
-3.5625 -7.12701677894971
-3.53125 -2.99627120857586
-3.5 1.13060017198212
-3.46875 5.21780489750348
-3.4375 9.23036608225165
-3.40625 13.1341224199745
-3.375 16.8957281839006
-3.34375 20.4826532267445
-3.3125 23.8632038262146
-3.28125 27.0072327351599
-3.25 29.887612698503
-3.21875 32.4805634671608
-3.1875 34.765653100888
-3.15625 36.7257979682755
-3.125 38.3472627467542
-3.09375 39.619660422593
-3.0625 40.535952290899
-3.03125 41.0924479556139
-3 41.2888053295234
-2.96875 41.1280003409713
-2.9375 40.6159937078614
-2.90625 39.7613977116433
-2.875 38.5754459040362
-2.84375 37.0719931070368
-2.8125 35.2675154129089
-2.78125 33.1811101841942
-2.75 30.8344960537021
-2.71875 28.2520129245196
-2.6875 25.4606219700037
-2.65625 22.4899039576713
-2.625 19.3716385451348
-2.59375 16.1379085976385
-2.5625 12.8201867071173
-2.53125 9.44930837440729
-2.5 6.0554720092468
-2.46875 2.66823893027579
-2.4375 -0.683466634964063
-2.40625 -3.97135755002908
-2.375 -7.1677837695738
-2.34375 -10.2457323393512
-2.3125 -13.1788452005816
-2.28125 -15.9420256513327
-2.25 -18.5126968929613
-2.21875 -20.8710813361821
-2.1875 -23.0002017138412
-2.15625 -24.8858810809138
-2.125 -26.5167428145062
-2.09375 -27.8842106138538
-2.0625 -28.982508500324
-2.03125 -29.8086608174128
-2 -30.3624922307483
-1.96875 -30.6465888582188
-1.9375 -30.665870701427
-1.90625 -30.4271640771399
-1.875 -29.9391627474209
-1.84375 -29.2124279196298
-1.8125 -28.2593882464217
-1.78125 -27.0943398257496
-1.75 -25.7334462008617
-1.71875 -24.1947383603032
-1.6875 -22.4981147379151
-1.65625 -20.6653398729931
-1.625 -18.719708110377
-1.59375 -16.6845282410565
-1.5625 -14.5823932892117
-1.53125 -12.4351590747659
-1.5 -10.2639442133862
-1.46875 -8.08913011648319
-1.4375 -5.9303609912111
-1.40625 -3.80654384046782
-1.375 -1.73584846289468
-1.34375 0.264292547123247
-1.3125 2.17719436984144
-1.28125 3.98728001386569
-1.25 5.68082751018059
-1.21875 7.2461357350508
-1.1875 8.67352507067007
-1.15625 9.95533740516107
-1.125 11.0859361325758
-1.09375 12.0617061528949
-1.0625 12.8810538720283
-1.03125 13.5444072018153
-1 14.0542155600236
-0.96875 14.4149008430558
-0.9375 14.6323181257094
-0.90625 14.7132163609375
-0.875 14.6651893525537
-0.84375 14.4966757552326
-0.8125 14.2169590745098
-0.78125 13.8361676667816
-0.75 13.3652747393053
-0.71875 12.816098350199
-0.6875 12.2013014084416
-0.65625 11.534390708771
-0.625 10.829474691087
-0.59375 10.1001719101113
-0.5625 9.35908505480841
-0.53125 8.61778550675419
-0.5 7.88681334013547
-0.46875 7.17567732175024
-0.4375 6.49285491100765
-0.40625 5.84579225992795
-0.375 5.24090421314257
-0.34375 4.68357430789403
-0.3125 4.1781530129763
-0.28125 3.72789774263848
-0.25 3.33484837167683
-0.21875 2.99979960881053
-0.1875 2.72230088661555
-0.15625 2.50065636152453
-0.125 2.33192491382689
-0.09375 2.21192014766875
-0.0625 2.13521039105299
-0.03125 2.09511869583922
0 2.08372283774376
0.03125 2.09192095474089
0.0625 2.11015356947583
0.09375 2.12912561167786
0.125 2.13987205656153
0.15625 2.13375792482658
0.1875 2.10247828265799
0.21875 2.03805824172599
0.25 1.93285295918604
0.28125 1.77954763767882
0.3125 1.57115752533026
0.34375 1.30102853247111
0.375 0.962992028258526
0.40625 0.552062350552283
0.4375 0.0647729181010277
0.46875 -0.500813901944035
0.5 -1.14510679402912
0.53125 -1.86698549419789
0.5625 -2.66380079009143
0.59375 -3.53137452094825
0.625 -4.4639995776043
0.65625 -5.45443990249295
0.6875 -6.49393803908566
0.71875 -7.57247228471373
0.75 -8.67929034165355
0.78125 -9.80302774897665
0.8125 -10.9317083543897
0.84375 -12.0527443142345
0.875 -13.1529360934881
0.90625 -14.2184724657626
0.9375 -15.2349305133053
0.96875 -16.1872756269987
1 -17.0598615063605
1.03125 -17.8365179501935
1.0625 -18.5015165537372
1.09375 -19.0405364058188
1.125 -19.4407518795034
1.15625 -19.6908326320943
1.1875 -19.7809436051324
1.21875 -19.7027450243966
1.25 -19.4493923999037
1.28125 -19.0155365259085
1.3125 -18.3973234809037
1.34375 -17.592394970001
1.375 -16.5999742625478
1.40625 -15.4212534249778
1.4375 -14.0595799184252
1.46875 -12.5204620768205
1.5 -10.8115691068904
1.53125 -8.9427310881574
1.5625 -6.92593897294059
1.59375 -4.77534458635451
1.625 -2.5072606263105
1.65625 -0.14016066351526
1.6875 2.30533706301188
1.71875 4.80702161120561
1.75 7.34223479047072
1.78125 9.88812536953897
1.8125 12.4216500892492
1.84375 14.9195736625472
1.875 17.3584687744858
1.90625 19.7147160822248
1.9375 21.9645042150308
1.96875 24.0838297742777
2 26.0484973334461
2.03125 27.8342307833354
2.0625 29.4178981293889
2.09375 30.7787362890207
2.125 31.8984624368264
2.15625 32.7612740045843
2.1875 33.3538486812525
2.21875 33.6653444129737
2.25 33.6873994030706
2.28125 33.4141321120472
2.3125 32.8421412575907
2.34375 31.9705059829615
2.375 30.8008281232899
2.40625 29.3374226564973
2.4375 27.5874094767293
2.46875 25.5607160886224
2.5 23.2700776073017
2.53125 20.7310367583847
2.5625 17.9619438779756
2.59375 14.9839569126715
2.625 11.8210414195593
2.65625 8.49997056621361
2.6875 5.05030121369581
2.71875 1.50355924346322
2.75 -2.10845107611757
2.78125 -5.75402228783543
2.8125 -9.4015452404473
2.84375 -13.0195090886777
2.875 -16.5765012932198
2.90625 -20.0412076207337
2.9375 -23.3824121438476
2.96875 -26.5689972411583
3 -29.5699435972299
3.03125 -32.3544453978528
3.0625 -34.8931774778868
3.09375 -37.159562469104
3.125 -39.1298859954482
3.15625 -40.7832966730314
3.1875 -42.1018061101379
3.21875 -43.0702889072234
3.25 -43.676482656914
3.28125 -43.9109879440028
3.3125 -43.7672683454573
3.34375 -43.2416511886209
3.375 -42.3335178605073
3.40625 -41.0461613369314
3.4375 -39.3871994038916
3.46875 -37.368586788841
3.5 -35.0066151606823
3.53125 -32.3219131297736
3.5625 -29.3394462479253
3.59375 -26.0885170083973
3.625 -22.6027648458974
3.65625 -18.9201661366067
3.6875 -15.0829630653067
3.71875 -11.1352406634808
3.75 -7.11789860756907
3.78125 -3.06753532272687
3.8125 0.983556462953132
3.84375 5.00738971848132
3.875 8.98028310991249
3.90625 12.882861000405
3.9375 16.7000534501887
3.96875 20.4210962165682
4 24.0395307539249


-3.984375 380.963162646695
-3.953125 377.148657105219
-3.921875 369.519646022266
-3.890625 358.076129397836
-3.859375 342.81810723193
-3.828125 323.745579524548
-3.796875 300.858546275688
-3.765625 274.157007485353
-3.734375 243.640963153541
-3.703125 209.310413280252
-3.671875 171.165357865487
-3.640625 130.820261816387
-3.609375 91.2457405620935
-3.578125 52.5063726988915
-3.546875 14.6021582267812
-3.515625 -22.4669028542373
-3.484375 -58.7008105441641
-3.453125 -94.0995648429991
-3.421875 -128.663165750742
-3.390625 -162.391613267394
-3.359375 -195.284907392954
-3.328125 -227.307027087712
-3.296875 -256.801004525022
-3.265625 -282.866313712139
-3.234375 -305.502954649064
-3.203125 -324.710927335797
-3.171875 -340.490231772338
-3.140625 -352.840867958687
-3.109375 -361.762835894844
-3.078125 -367.256135580808
-3.046875 -369.320767016581
-3.015625 -367.956730202161
-2.984375 -363.257086073924
-2.953125 -355.780200250118
-2.921875 -345.619133667119
-2.890625 -332.773886324926
-2.859375 -317.24445822354
-2.828125 -299.030849362959
-2.796875 -278.133059743185
-2.765625 -254.551089364218
-2.734375 -228.284938226057
-2.703125 -199.334606328701
-2.671875 -167.700093672153
-2.640625 -134.539928743823
-2.609375 -101.98580396055
-2.578125 -70.0840604618302
-2.546875 -38.8346982476643
-2.515625 -8.23771731805205
-2.484375 21.7068823270066
-2.453125 50.9991006875118
-2.421875 79.6389377634633
-2.390625 107.626393554861
-2.359375 134.961468061706
-2.328125 161.61339533154
-2.296875 186.166941551378
-2.265625 207.852957909812
-2.234375 226.671444406844
-2.203125 242.622401042472
-2.171875 255.705827816698
-2.140625 265.92172472952
-2.109375 273.270091780939
-2.078125 277.750928970955
-2.046875 279.364236299568
-2.015625 278.110013766778
-1.984375 274.107669607331
-1.953125 268.073653229702
-1.921875 260.127372868636
-1.890625 250.268828524133
-1.859375 238.498020196194
-1.828125 224.814947884818
-1.796875 209.219611590006
-1.765625 191.712011311758
-1.734375 172.292147050073
-1.703125 150.960018804951
-1.671875 127.715626576393
-1.640625 103.485067983146
-1.609375 79.9723626437062
-1.578125 57.2145544628237
-1.546875 35.2116434404983
-1.515625 13.96362957673
-1.484375 -6.52948712848117
-1.453125 -26.2677066751353
-1.421875 -45.2510290632322
-1.390625 -63.479454292772
-1.359375 -80.9529823637548
-1.328125 -97.6533476523916
-1.296875 -112.740331464399
-1.265625 -125.757293205059
-1.234375 -136.704232874371
-1.203125 -145.581150472334
-1.171875 -152.38804599895
-1.140625 -157.124919454217
-1.109375 -159.791770838136
-1.078125 -160.388600150707
-1.046875 -158.91540739193
-1.015625 -155.372192561805
-0.984375 -149.909567509059
-0.953125 -143.431203326056
-0.921875 -136.087711861525
-0.890625 -127.879093115464
-0.859375 -118.805347087874
-0.828125 -108.866473778755
-0.796875 -98.0624731881073
-0.765625 -86.3933453159302
-0.734375 -73.859090162224
-0.703125 -60.4597077269887
-0.671875 -46.1951980102243
-0.640625 -31.7326395007255
-0.609375 -18.2994566178741
-0.578125 -5.92233250122195
-0.546875 5.39873284923089
-0.515625 15.6637394334844
-0.484375 24.8726872515387
-0.453125 33.0255763033936
-0.421875 40.1224065890493
-0.390625 46.1631781085057
-0.359375 51.1478908617628
-0.328125 55.0735017376469
-0.296875 57.8000276221683
-0.265625 59.2513907359846
-0.234375 59.4275910790959
-0.203125 58.3286286515021
-0.171875 55.9545034532033
-0.140625 52.3052154841995
-0.109375 47.3807647444906
-0.078125 41.1811512340767
-0.046875 33.7063749529577
-0.015625 24.9564359011337
0.015625 15.1329752470528
0.046875 5.44584000140302
0.078125 -3.90332866736743
0.109375 -12.9145307592586
0.140625 -21.5877662742705
0.171875 -29.923035212403
0.203125 -37.9203375736563
0.234375 -45.5796733580303
0.265625 -52.901042565525
0.296875 -59.8844451961404
0.328125 -66.5298812498765
0.359375 -72.4110741339029
0.390625 -76.7436749174118
0.421875 -79.51063253669
0.453125 -80.7119469917374
0.484375 -80.3476182825541
0.515625 -78.4176464091401
0.546875 -74.9220313714953
0.578125 -69.8607731696197
0.609375 -63.2338718035135
0.640625 -55.0413272731764
0.671875 -45.2961850120342
0.703125 -34.5985349576585
0.734375 -23.2745129456862
0.765625 -11.3241189761173
0.796875 1.25264695104808
0.828125 14.4557848358101
0.859375 28.2852946781686
0.890625 42.7411764781237
0.921875 57.8234302356754
0.953125 73.5320559508237
0.984375 89.8670536235686
1.015625 106.558730376757
1.046875 121.988928947469
1.078125 135.887956458552
1.109375 148.255812910007
1.140625 159.092498301832
1.171875 168.398012634028
1.203125 176.172355906595
1.234375 182.415528119533
1.265625 187.127529272843
1.296875 190.308359366523
1.328125 191.958018400574
1.359375 191.839852665417
1.390625 189.518419335429
1.421875 184.984252262227
1.453125 178.237351445811
1.484375 169.277716886179
1.515625 158.105348583334
1.546875 144.720246537274
1.578125 129.122410747999
1.609375 111.31184121551
1.640625 91.2885379398063
1.671875 69.0805022706213
1.703125 45.975796295669
1.734375 22.6744537582728
1.765625 -0.823525341567548
1.796875 -24.5181410038519
1.828125 -48.4093932285804
1.859375 -72.4972820157529
1.890625 -96.7818073653695
1.921875 -121.26296927743
1.953125 -145.940767751935
1.984375 -170.815202788884
2.015625 -195.544221898697
2.046875 -218.075510143902
2.078125 -238.067015034917
2.109375 -255.518736571745
2.140625 -270.430674754384
2.171875 -282.802829582834
2.203125 -292.635201057096
2.234375 -299.927789177169
2.265625 -304.680593943054
2.296875 -306.89361535475
2.328125 -306.566853412258
2.359375 -303.583915828199
2.390625 -297.730640793797
2.421875 -289.002372617558
2.453125 -277.399111299482
2.484375 -262.920856839568
2.515625 -245.567609237816
2.546875 -225.339368494226
2.578125 -202.236134608799
2.609375 -176.257907581534
2.640625 -147.404687412432
2.671875 -115.717802691117
2.703125 -83.0983685403149
2.734375 -50.5795997006389
2.765625 -18.1614961720887
2.796875 14.1559420453356
2.828125 46.372714951634
2.859375 78.4888225468066
2.890625 110.504264830853
2.921875 142.419041803774
2.953125 174.233153465569
2.984375 205.946599816238
3.015625 237.205501021826
3.046875 265.886578078599
3.078125 291.6359511526
3.109375 314.45362024383
3.140625 334.339585352289
3.171875 351.293846477977
3.203125 365.316403620895
3.234375 376.407256781041
3.265625 384.566405958416
3.296875 389.79385115302
3.328125 392.089592364853
3.359375 390.929558738177
3.390625 385.349459898433
3.421875 375.328333011393
3.453125 360.866178077056
3.484375 341.962995095423
3.515625 318.618784066492
3.546875 290.833544990265
3.578125 258.607277866741
3.609375 221.93998269592
3.640625 180.831659477803
3.671875 135.405225738151
3.703125 91.3148876620446
3.734375 51.6335833935492
3.765625 16.3613129326643
3.796875 -14.5019237206099
3.828125 -40.9561265662736
3.859375 -63.0012956043266
3.890625 -80.637430834769
3.921875 -93.8645322576008
3.953125 -102.682599872822
3.984375 -107.091633680433


