0 9.86879268537128 9.86960440108936
1 39.4654314345693 39.4784176043574
2 88.7607079383989 88.8264396098042
3 157.705973710443 157.91367041743
4 246.233188097243 246.740110027234
5 354.254985426227 355.305758439217
6 481.664761225052 483.610615653379
7 628.336777427379 631.654681669719
8 794.126286461138 799.437956488238
9 978.869674096927 986.960440108936
10 1182.38462091549 1194.22213253181
11 1404.47028223497 1421.22303375687
12 1644.90748632038 1667.9631437841
13 1903.4589506796 1934.44246261351
14 2179.86951623264 2220.66099024511
15 2473.86639912272 2526.61872667888
16 2785.15945992112 2852.31567191482
17 3113.4414899597 3197.75182595295
18 3458.38851450875 3562.92718879326
19 3819.66011250105 3947.84176043574
20 4196.89975248618 4352.49554088041
21 4589.73514448424 4776.88853012725
22 4997.77860739081 5221.02072817627
23 5420.62745157176 5684.89213502747
24 5857.86437626903 6168.50275068085
25 6309.05788142622 6671.85257513641
26 6773.76269352696 7194.94160839414
27 7251.5202050262 7737.76985045406
28 7741.85892694046 8300.33730131615
29 8244.29495415055 8882.64396098042
30 8758.33244295743 9484.68982944687
31 9283.46410042008 10106.4749067155
32 9819.17168499259 10747.9991927863
33 10364.9265179657 11409.2626876593
34 10920.190005209 12090.2653913345
35 11484.4141686985 12791.0073038118
36 12057.0421873045 13511.4884250913
37 12637.5089463065 14251.708755173
38 13225.2415950942 15011.6682940569
39 13819.6601125011 15791.367041743
40 14420.1778792155 16590.8049982312
41 15026.2022567029 17409.9821635216
42 15637.1351720692 18248.8985376142
43 16252.3737082855 19107.554120509
44 16871.3106991954 19985.9489122059
45 17493.3353287139 20884.0829127051
46 18117.8337336297 21801.9561220064
47 18744.1896094138 22739.5685401099
48 19371.7848184374 23696.9201670155



0 0
0.01 0.0444215213295196
0.02 0.0887992044314083
0.03 0.133089253183609
0.04 0.177247958240378
0.05 0.221231742720459
0.06 0.264997195950438
0.07 0.308501130644447
0.08 0.351700611494871
0.09 0.394553005562074
0.1 0.437016024779406
0.11 0.479047760770105
0.12 0.520606735024918
0.13 0.561651933361105
0.14 0.602142848505007
0.15 0.642039522175299
0.16 0.681302579445017
0.17 0.719893274024233
0.18 0.757773520745747
0.19 0.794905935751224
0.2 0.831253876017854
0.21 0.866781467457586
0.22 0.901453651375254
0.23 0.935236208956096
0.24 0.968095801319093
0.25 0.999999999827136
0.26 1.03091731969578
0.27 1.06081724792088
0.28 1.08967027759584
0.29 1.11744793555767
0.3 1.14412280493645
0.31 1.16966856572487
0.32 1.19406000341234
0.33 1.21727304788387
0.34 1.23928479218759
0.35 1.26007351043024
0.36 1.27961868916193
0.37 1.297901038795
0.38 1.31490251609886
0.39 1.33060634417268
0.4 1.34499702386784
0.41 1.35806035416708
0.42 1.36978344277969
0.43 1.38015472036339
0.44 1.38916395234297
0.45 1.39680224639544
0.46 1.40306206625064
0.47 1.4079372323635
0.48 1.41142293508265
0.49 1.41351573313882
0.5 1.41421356262206
0.51 1.41351573317526
0.52 1.411422934806
0.53 1.40793723303286
0.54 1.40306206527064
0.55 1.39680224728869
0.56 1.3891639518946
0.57 1.38015472021776
0.58 1.36978344323386
0.59 1.35806035374594
0.6 1.34499702397786
0.61 1.33060634424714
0.62 1.31490251601392
0.63 1.29790103871221
0.64 1.27961868923392
0.65 1.26007351054215
0.66 1.2392847917631
0.67 1.21727304833905
0.68 1.19406000326216
0.69 1.16966856527616
0.7 1.14412280582394
0.71 1.11744793457593
0.72 1.08967027825825
0.73 1.06081724764111
0.74 1.03091731972423
0.75 0.999999999822477
0.76 0.968095801272771
0.77 0.935236209225688
0.78 0.901453650693319
0.79 0.866781468426456
0.8 0.831253875108682
0.81 0.794905936184366
0.82 0.757773520872175
0.83 0.719893273551566
0.84 0.681302579844691
0.85 0.642039522044709
0.86 0.602142848408208
0.87 0.561651933424676
0.88 0.520606735085951
0.89 0.479047760676912
0.9 0.437016024647486
0.91 0.394553005966208
0.92 0.351700611021774
0.93 0.308501130776139
0.94 0.264997196383846
0.95 0.221231741816774
0.96 0.177247959210014
0.97 0.133089252507823
0.98 0.0887992047027888
0.99 0.0444215212908051
1 0

0 0
0.01 0.0887992046828147
0.02 0.177247958416804
0.03 0.264997196195382
0.04 0.351700612069036
0.05 0.437016023493917
0.06 0.520606735621716
0.07 0.602142848699177
0.08 0.681302579441834
0.09 0.757773520469468
0.1 0.831253876096478
0.11 0.901453650634974
0.12 0.968095801536187
0.13 1.03091731989296
0.14 1.08967027707794
0.15 1.14412280637079
0.16 1.19406000308677
0.17 1.23928479169476
0.18 1.27961868904084
0.19 1.31490251703505
0.2 1.34499702286048
0.21 1.3697834436734
0.22 1.38916395182955
0.23 1.40306206578086
0.24 1.41142293530734
0.25 1.41421356238112
0.26 1.41142293460362
0.27 1.40306206629168
0.28 1.38916395242555
0.29 1.36978344184795
0.3 1.34499702499498
0.31 1.31490251561323
0.32 1.27961868935524
0.33 1.23928479174521
0.34 1.19406000357769
0.35 1.14412280490349
0.36 1.08967027875523
0.37 1.03091731899263
0.38 0.968095801025301
0.39 0.901453651927376
0.4 0.831253874997144
0.41 0.757773520604357
0.42 0.681302579816115
0.43 0.602142848706952
0.44 0.520606734459588
0.45 0.437016025391564
0.46 0.351700610422712
0.47 0.264997196637777
0.48 0.177247959015222
0.49 0.088799203918892
0.5 -1.14090019104205E-11
0.51 -0.0887992039424105
0.52 -0.177247959038212
0.53 -0.264997196661381
0.54 -0.351700610446381
0.55 -0.437016025415607
0.56 -0.520606734483449
0.57 -0.602142848730472
0.58 -0.681302579839188
0.59 -0.757773520625955
0.6 -0.831253875018118
0.61 -0.901453651946736
0.62 -0.96809580104397
0.63 -1.03091731901006
0.64 -1.08967027877101
0.65 -1.14412280491728
0.66 -1.19406000358995
0.67 -1.23928479175623
0.68 -1.27961868936438
0.69 -1.31490251562171
0.7 -1.34499702500226
0.71 -1.36978344185527
0.72 -1.38916395243037
0.73 -1.40306206629789
0.74 -1.41142293460838
0.75 -1.41421356238629
0.76 -1.41142293531089
0.77 -1.40306206578348
0.78 -1.38916395182866
0.79 -1.36978344366942
0.8 -1.34499702285228
0.81 -1.31490251702259
0.82 -1.27961868902627
0.83 -1.23928479167654
0.84 -1.19406000306831
0.85 -1.1441228063498
0.86 -1.08967027705897
0.87 -1.03091731987236
0.88 -0.968095801518829
0.89 -0.901453650616924
0.9 -0.831253876081561
0.91 -0.757773520455137
0.92 -0.681302579429361
0.93 -0.602142848687076
0.94 -0.520606735612073
0.95 -0.437016023484601
0.96 -0.351700612061926
0.97 -0.264997196189119
0.98 -0.177247958413352
0.99 -0.0887992046806919
1 0

0 0
0.01 0.13308925302706
0.02 0.264997196423502
0.03 0.394553005941689
0.04 0.52060673505072
0.05 0.64203952191965
0.06 0.757773520544023
0.07 0.866781467748749
0.08 0.968095801288951
0.09 1.0608172479553
0.1 1.14412280563559
0.11 1.21727304828844
0.12 1.27961868919815
0.13 1.33060634402302
0.14 1.36978344275042
0.15 1.39680224665623
0.16 1.41142293494755
0.17 1.41351573333636
0.18 1.40306206601981
0.19 1.38015472046495
0.2 1.34499702391665
0.21 1.29790103855487
0.22 1.23928479170285
0.23 1.16966856529378
0.24 1.08967027790626
0.25 0.999999999977728
0.26 0.90145365126758
0.27 0.794905936120028
0.28 0.681302579620016
0.29 0.561651933180876
0.3 0.437016024431645
0.31 0.308501130500912
0.32 0.177247958706418
0.33 0.0444215214722053
0.34 -0.0887992043214049
0.35 -0.221231742100666
0.36 -0.35170061126606
0.37 -0.4790477609158
0.38 -0.602142848719325
0.39 -0.71989327397616
0.4 -0.831253875563391
0.41 -0.935236208909408
0.42 -1.03091731945112
0.43 -1.11744793488791
0.44 -1.19406000334227
0.45 -1.26007351067866
0.46 -1.31490251632601
0.47 -1.35806035415371
0.48 -1.3891639521344
0.49 -1.40793723253193
0.5 -1.41421356238068
0.51 -1.40793723253143
0.52 -1.389163952134
0.53 -1.35806035415177
0.54 -1.31490251632586
0.55 -1.2600735106754
0.56 -1.19406000334239
0.57 -1.11744793488386
0.58 -1.03091731945117
0.59 -0.935236208904159
0.6 -0.831253875562447
0.61 -0.719893273968475
0.62 -0.602142848715847
0.63 -0.479047760903902
0.64 -0.351700611259725
0.65 -0.221231742083846
0.66 -0.0887992043121583
0.67 0.0444215214933733
0.68 0.1772479587188
0.69 0.308501130525856
0.7 0.437016024447418
0.71 0.561651933209591
0.72 0.681302579638562
0.73 0.794905936152542
0.74 0.901453651289314
0.75 1.00000000001284
0.76 1.08967027792871
0.77 1.16966856532852
0.78 1.23928479172248
0.79 1.29790103858363
0.8 1.34499702393054
0.81 1.38015472048678
0.82 1.40306206602764
0.83 1.41351573335251
0.84 1.41142293495101
0.85 1.39680224666799
0.86 1.36978344275079
0.87 1.33060634403105
0.88 1.27961868919646
0.89 1.21727304829368
0.9 1.1441228056333
0.91 1.0608172479582
0.92 0.968095801285839
0.93 0.866781467750658
0.94 0.757773520540778
0.95 0.642039521920166
0.96 0.52060673504777
0.97 0.394553005941909
0.98 0.264997196421657
0.99 0.133089253026933
1 0

0 0
0.01 0.177247958081558
0.02 0.351700611825234
0.03 0.520606732977251
0.04 0.681302582909452
0.05 0.83125387447382
0.06 0.968095800461349
0.07 1.08967027741526
0.08 1.19406000487711
0.09 1.27961868815908
0.1 1.34499702451974
0.11 1.38916395283119
0.12 1.41142293329531
0.13 1.41142293401805
0.14 1.38916395584963
0.15 1.34499702145857
0.16 1.27961868928584
0.17 1.194060004204
0.18 1.08967027612967
0.19 0.96809580257995
0.2 0.831253876758142
0.21 0.681302577680051
0.22 0.520606735911152
0.23 0.351700610427187
0.24 0.177247958599313
0.25 2.99685301778705E-09
0.26 -0.177247962457238
0.27 -0.351700609215267
0.28 -0.520606736061148
0.29 -0.681302579836413
0.3 -0.831253873964911
0.31 -0.968095801684439
0.32 -1.08967027927115
0.33 -1.19406000270258
0.34 -1.27961868946508
0.35 -1.34499702259783
0.36 -1.3891639530464
0.37 -1.41142293477577
0.38 -1.4114229359184
0.39 -1.38916395168361
0.4 -1.34499702250135
0.41 -1.27961869065795
0.42 -1.19406000254244
0.43 -1.08967027852079
0.44 -0.968095802817689
0.45 -0.831253871996912
0.46 -0.681302581053087
0.47 -0.520606737122084
0.48 -0.35170060800642
0.49 -0.17724796200155
0.5 2.03346944691484E-09
0.51 0.177247959293409
0.52 0.351700610723174
0.53 0.520606733012952
0.54 0.681302581808324
0.55 0.831253875120383
0.56 0.968095801480673
0.57 1.08967027800109
0.58 1.19406000249033
0.59 1.27961868936302
0.6 1.34499702412882
0.61 1.38916395292951
0.62 1.4114229350507
0.63 1.4114229333152
0.64 1.38916395207385
0.65 1.34499702631126
0.66 1.27961868737081
0.67 1.1940600037925
0.68 1.08967027871904
0.69 0.968095799424314
0.7 0.831253875438275
0.71 0.681302583528837
0.72 0.520606731202943
0.73 0.351700612389811
0.74 0.177247958337983
0.75 7.15845609424461E-10
0.76 -0.177247959501373
0.77 -0.351700609764318
0.78 -0.52060673567952
0.79 -0.681302581985819
0.8 -0.831253872627755
0.81 -0.968095802210486
0.82 -1.08967027749934
0.83 -1.19406000368789
0.84 -1.27961869021051
0.85 -1.34499702287081
0.86 -1.38916395193033
0.87 -1.41142293546623
0.88 -1.41142293331034
0.89 -1.38916395545717
0.9 -1.34499702208932
0.91 -1.27961868815352
0.92 -1.19406000447794
0.93 -1.08967027768314
0.94 -0.968095801139661
0.95 -0.831253877197695
0.96 -0.68130257725902
0.97 -0.520606735741248
0.98 -0.351700611239872
0.99 -0.177247959518748
1 0

0 0
0.01 0.221231741975436
0.02 0.437016025006228
0.03 0.642039520631753
0.04 0.831253877405002
0.05 0.999999998243181
0.06 1.14412280663169
0.07 1.26007351064212
0.08 1.34499702341496
0.09 1.39680224706309
0.1 1.41421356249084
0.11 1.39680224617513
0.12 1.34499702439705
0.13 1.26007351044365
0.14 1.14412280582567
0.15 0.999999999452449
0.16 0.83125387657725
0.17 0.64203952081404
0.18 0.437016024950446
0.19 0.221231742595443
0.2 -1.35646214617452E-09
0.21 -0.221231740575033
0.22 -0.437016025491439
0.23 -0.642039521541116
0.24 -0.831253875584678
0.25 -1.00000000000297
0.26 -1.14412280562437
0.27 -1.26007351105481
0.28 -1.34499702290278
0.29 -1.39680224817955
0.3 -1.41421356103178
0.31 -1.39680224718174
0.32 -1.34499702444127
0.33 -1.26007350956187
0.34 -1.14412280666568
0.35 -0.999999999447322
0.36 -0.831253875749996
0.37 -0.642039521687487
0.38 -0.437016024920032
0.39 -0.221231741582697
0.4 -1.1717604112702E-10
0.41 0.221231741694724
0.42 0.437016024964292
0.43 0.642039521957219
0.44 0.831253874562721
0.45 1.00000000176567
0.46 1.14412280379041
0.47 1.2600735119663
0.48 1.34499702337527
0.49 1.39680224677906
0.5 1.41421356237648
0.51 1.39680224656172
0.52 1.34499702448689
0.53 1.2600735093792
0.54 1.14412280748519
0.55 0.999999998238153
0.56 0.831253876550523
0.57 0.642039521886165
0.58 0.43701602393606
0.59 0.221231742473547
0.6 1.20311491012066E-10
0.61 -0.221231742578451
0.62 -0.437016023974031
0.63 -0.64203952214912
0.64 -0.831253875355363
0.65 -1.00000000054737
0.66 -1.14412280459939
0.67 -1.26007351177274
0.68 -1.34499702340851
0.69 -1.39680224614793
0.7 -1.41421356370977
0.71 -1.39680224515249
0.72 -1.34499702494976
0.73 -1.26007351028566
0.74 -1.14412280564749
0.75 -1.00000000000091
0.76 -0.831253875529954
0.77 -0.64203952230563
0.78 -0.43701602341153
0.79 -0.221231743594415
0.8 1.35393426726624E-09
0.81 0.221231741569364
0.82 0.437016023947317
0.83 0.642039523028759
0.84 0.831253874533983
0.85 1.00000000055081
0.86 1.14412280544576
0.87 1.26007351089884
0.88 1.34499702345794
0.89 1.39680224716018
0.9 1.41421356225337
0.91 1.39680224627027
0.92 1.3449970244387
0.93 1.26007351069702
0.94 1.14412280463705
0.95 1.00000000175629
0.96 0.83125387370388
0.97 0.642039523208855
0.98 0.437016023890732
0.99 0.221231742189555
1 0

