35 -8.51561483214309 4760
40 -9.18708397373224 6240
45 -9.61786494546048 8910
50 -10.5694609784956 9800
55 -11.6205558858628 11880
60 -12.3456913795797 15930
65 -12.8583220903055 16640
70 -13.7470339282379 21735
75 -14.7522412287542 24975
80 -16.0632273826927 28440
85 -16.7460836747979 32130
90 -18.1052973186561 36045
95 -19.334283126008 40185
100 -20.2137451189376 44550
105 -21.1021928130648 49140
110 -22.2058115539505 53955
115 -23.0266910506522 58995
120 -24.5590559505412 64260
125 -25.4849053660114 77500
130 -25.9374493798731 83850
135 -27.2936790749834 90450
140 -27.6432956157811 97300
145 -28.8391799180143 104400
150 -29.6984319252945 111750
155 -30.7422269148916 119350
160 -31.3624401165558 127200
165 -32.6141966454761 135300
170 -32.8666309863061 143650
175 -34.1271656074108 152250
180 -35.1723423973048 161100
185 -36.237879513399 170200
190 -37.5367006972719 179550
195 -38.5101943021172 189150
200 -39.66127551685 199000
