0.001 0.000999
0.002 0.00199600138867161
0.00384087233218567 0.00382613690419668
0.00657317064034962 0.00653006105628517
0.0102286891241538 0.0101244460276639
0.0148179916003466 0.0145996054979633
0.0203360109707848 0.0199255514554152
0.0267688223971285 0.0260593359617473
0.0340984763165282 0.0329504317263302
0.0423058927832668 0.0405441072513254
0.0513724371967789 0.0487834116413863
0.0612807110439065 0.057610311582411
0.0720149061045276 0.0669663401090691
0.083560927364126 0.0767929720758557
0.0959063996622479 0.0870318488166382
0.109040620764802 0.0976249201722717
0.122954494361899 0.108514541347709
0.137640460560676 0.119643544974246
0.153092432867266 0.130955299304782
0.169305746104345 0.142393758245668
0.18627711735723 0.153903506030448
0.204004620881973 0.165429797722932
0.222487677398822 0.176918595823092
0.241727058033865 0.188316602718702
0.261724903192018 0.199571288398293
0.282484756743276 0.21063091261383
0.304011616010037 0.221444540495669
0.326311998092012 0.231962050445277
0.349394022984833 0.242134132949603
0.373267513646189 0.251912278779453
0.397944112517221 0.261248754879621
0.423437412862012 0.270096566188289
0.449763101464245 0.27840940173781
0.47693910654248 0.286141563844554
0.50498574110859 0.293247880210929
0.533925827473354 0.299683600607574
0.563784783610524 0.305404282748703
0.594590647530287 0.310365676181715
0.626374013149479 0.314523618367053
0.659167852231344 0.317833963030477
0.693007203512435 0.320252566126593
0.727928722863296 0.321735357651906
0.763970106165477 0.322238526302763
0.801169416424011 0.321718837423252
0.839564364104064 0.320134092941538
0.879191600733344 0.317443726654705
0.920086088264371 0.313609511967015
0.962280600854355 0.308596344900733
1.00580540383541 0.302373055145379
1.05068813965935 0.294913193298315
1.09695393507912 0.28619574345132
1.14462572950945 0.276205716306083
1.19372481240006 0.264934587989902
1.24427154816729 0.25238056234113
1.29628626121867 0.238548648139926
1.34979025121224 0.22345055605847
1.4048069100464 0.207104431645159
1.4613629169817 0.189534449439931
1.51948949619844 0.170770298835853
1.57922373116923 0.15084659458368
1.64060994153899 0.129802244381614
1.70370113989536 0.107679803629905
1.76856059723074 0.0845248441402865
1.83526355667961 0.0603853603514536
1.90389914517173 0.0353112342825166
1.97457254210575 0.00935377977104817
2 4.78262702947874E-07


0.001 0.000999
0.002 0.00199600178683317
0.00375029151141827 0.00373624676973422
0.00628916105114876 0.0062497151825184
0.00964040365491692 0.00954787239202298
0.0138113863608122 0.0136218484043672
0.0187979907381175 0.0184477176382854
0.0245900557296698 0.0239923269974004
0.0311751464077245 0.0302174145421064
0.0385407683362455 0.03708211372495
0.0466755509626108 0.0445443674973344
0.0555698274683339 0.0525616883410529
0.0652158847480826 0.0610915470560849
0.0756080427638519 0.0700915571239454
0.0867426515322732 0.0795195486681119
0.0986180531458075 0.0893335836983699
0.111234533539107 0.0994919405627109
0.124594276321807 0.109953082413575
0.138701324266595 0.120675617314431
0.153561550356966 0.131618253708614
0.169182638224406 0.142739752879378
0.1855740705517 0.153998878951391
0.202747123152941 0.165354346490557
0.220714861719509 0.176764765625821
0.239492137508808 0.188188584731203
0.259095577476133 0.199584031022167
0.279543563479935 0.210909049928821
0.300856194236173 0.222121244823663
0.3230552227114 0.233177819629182
0.346163960736172 0.24403552803613
0.370207141973607 0.254650634538585
0.395210734267912 0.26497889421543
0.421201693202765 0.274975560077064
0.448207650893835 0.284595428675016
0.476256538148278 0.293792936234964
0.50537614461721 0.302522318359294
0.535593630680683 0.310737845742509
0.566935016281799 0.318394145653211
0.599424684734632 0.325446613528992
0.633084951657891 0.331851910593762
0.667935757701912 0.337568532266702
0.703994545288556 0.342557419524855
0.741276371406306 0.346782573510965
0.77979428971318 0.350211625379371
0.819560007850879 0.352816311340371
0.860584795077441 0.35457280864584
0.90288058805654 0.355461901453527
0.946461225507027 0.35546896362026
0.991343739371433 0.354583764620812
1.0375496412824 0.352800120962632
1.0851061649713 0.350115425783454
1.13404745262084 0.346530092697686
1.18441570095592 0.342046947043148
1.23626230774931 0.336670590208351
1.28964908035821 0.330406752714063
1.34464958602337 0.323261640841536
1.40135074169844 0.315241270791678
1.45985476306599 0.306350773773165
1.5202816231994 0.29659364444713
1.58277221774422 0.28597089247706
1.64749250513539 0.274480040399654
1.7146390021963 0.26211388731396
1.78444619217394 0.248858921648779
1.85719668632655 0.234693208567215
1.93323544699008 0.219583482742414
2.01299016685086 0.203481016929263
2.09700126004872 0.186315558455578
2.18596732391555 0.16798613235477
2.2808161762922 0.148346633627298
2.38281855418094 0.127182676629527
2.49376863887064 0.10417462755962
2.61622753025445 0.0788471102016193
2.75348616568374 0.050573032592894
2.9068323671649 0.0191160615338941
3 4.38079025352721E-05


0.001 0.000999
0.002 0.00199600188328321
0.00364209403217737 0.00362884824398772
0.00595576338820457 0.00592038789116315
0.00895730193950813 0.00887741003792433
0.0126499101610935 0.0124908705766098
0.017028342412484 0.0167407908991607
0.0220831822081192 0.0216007977739581
0.0278036479231271 0.0270411609302523
0.0341791968070607 0.0330305851881575
0.0412003634586204 0.0395371962277078
0.0488591588123263 0.0465290526320009
0.057149232022379 0.0539743929303906
0.0660659113014079 0.0618417387790898
0.0756061875068951 0.0700999218913034
0.0857686745308059 0.0787180715962598
0.0965535641316307 0.0876655827717799
0.107962583915059 0.096912074472351
0.119998962330122 0.106427344426342
0.132667401909332 0.116181321776355
0.145974060504233 0.126144018928046
0.159926539381773 0.136285482579709
0.174533876436162 0.146575743616681
0.189806542257439 0.156984765406543
0.205756436278644 0.167482390039657
0.222396879637788 0.178038282189066
0.239742600706022 0.188621870506985
0.257809708439315 0.199202286844512
0.276615647823207 0.209748304102066
0.296179130748599 0.220228274225475
0.316520034778892 0.230610068794321
0.337659261609244 0.240861025838798
0.359618546826308 0.25094790798306
0.382420213200058 0.260836878721738
0.406086861623287 0.270493505496352
0.430640997464526 0.27988280004785
0.456104595989389 0.288969307935211
0.482498618905481 0.297717259619767
0.509842504818486 0.306090794471858
0.538153668536958 0.314054265771725
0.567447055857136 0.321572628721747
0.597734808882775 0.328611904590212
0.629026098780774 0.335139703065647
0.661327175293776 0.341125773363482
0.694641664220122 0.346542545052639
0.728971117160742 0.351365614658287
0.764315786924916 0.355574135884946
0.800675573894033 0.359151080274485
0.838051070030423 0.362083349780223
0.876444622270847 0.364361739997838
0.915861346071727 0.365980768943358
0.95631003951148 0.366938398219238
0.997803973133111 0.367235679545132
1.04036155510013 0.366876359998509
1.084006891255 0.365866475216292
1.12877027352417 0.364213953118171
1.17468863799912 0.361928243211122
1.22180603741754 0.359019979537976
1.27017417368677 0.355500679569177
1.31985303654663 0.351382477025747
1.37091169622474 0.346677883634377
1.42342930250645 0.341399572835091
1.4774963514644 0.335560177098321
1.53321629582519 0.329172089359888
1.59070759787875 0.322247257748246
1.65010635844645 0.314796960826963
1.7115697073184 0.306831547474856
1.77528021898211 0.298360120517773
1.84145173800659 0.289390135104229
1.91033718825889 0.279926869523393
1.98223924801813 0.269972703995336
2.05752529033487 0.25952610494151
2.13664889377353 0.248580144555951
2.2201818943338 0.23712025923004
2.30886419767431 0.225120700843779
2.40368537797263 0.212538605208859
2.50602770430779 0.199303371112922
2.61794052370276 0.185295826027526
2.74273803272742 0.170301773417768
2.88658193958195 0.153886014189188
3.06441519292594 0.134908414529614
3.3077192777423 0.111277539279794
3.49162544168589 0.0951206698732771
3.66050378207022 0.0814758323310663
3.82555431473555 0.0691427112699114
3.98433030408798 0.0581148458425367
4.13810266447588 0.0481208385723631
4.28850839878179 0.0389070565719232
4.43678550359313 0.0302776001264262
4.58371728495186 0.0220825782211817
4.72970730422328 0.0142029494160842
4.8748509510997 0.00654009867093759
5 5.92590584093562E-07


0.001 0.000999
0.002 0.00199600188805418
0.00350579249590623 0.00349351873840948
0.00554585223988123 0.00551517243813327
0.00813162575076681 0.00806575698027552
0.0112632550196266 0.0111370857382199
0.0149347429102638 0.0147133253941693
0.0191373694346105 0.0187745746147801
0.0238616751363524 0.0232989854667203
0.0290985240907814 0.0282639377444198
0.0348396329450052 0.0336466558645263
0.0410778073194103 0.0394245138969997
0.0478070245687419 0.0455751714681923
0.055022439677898 0.0520766202286197
0.0627203556259452 0.0589071844043419
0.0708981800088693 0.0660454988436767
0.0795543791139317 0.0734704769616585
0.0886884349438555 0.0811612749967939
0.0983008076476583 0.0890972557486747
0.10839290419928 0.0972579532119786
0.118967053310628 0.105623038583762
0.130026486111764 0.114172287628024
0.141575321881543 0.122885549134069
0.15361855795853 0.131742714093975
0.166162062844048 0.140723685190689
0.179212571391581 0.149808346200687
0.192777680839009 0.158976530958946
0.206865846269896 0.168207991603288
0.221486373880131 0.17748236591075
0.236649410174013 0.186779143664673
0.252365924921987 0.196077632155806
0.268647685389082 0.205356921133588
0.285507219007074 0.214595847796791
0.302957761344504 0.223772962757942
0.321013185974997 0.232866498344497
0.339687912724006 0.24185434111793
0.358996790881579 0.250714011097993
0.378954954423243 0.259422650855954
0.399577647224277 0.267957028347979
0.42088001783286 0.276293558025708
0.442876885713977 0.284408345274053
0.465582484053441 0.292277259430922
0.489010188161717 0.299876040348086
0.513172242990786 0.307180442450199
0.538079507778758 0.314166418363233
0.563741239612459 0.320810341331779
0.590164939803157 0.327089261915407
0.617356286443142 0.332981190170556
0.645319172642944 0.338465390261509
0.674055862593142 0.343522670966679
0.703567267392873 0.34813565365433
0.733853330993554 0.352288999610589
0.764913505628649 0.355969581328588
0.796747287801971 0.359166587208579
0.829354781830619 0.361871555291473
0.862737258675404 0.364078338085841
0.896897682865321 0.365783006186909
0.93184118841357 0.366983702431155
0.967575494020861 0.3676804604121
1.00411125695029 0.367875001365507
1.04146237256697 0.367570522102222
1.07964623208493 0.366771484368333
1.11868395451972 0.365483413290955
1.15860061055976 0.363712709864991
1.19942545659696 0.36146648004292
1.24119219709759 0.358752381049759
1.28393929339945 0.355578484085929
1.32771033735772 0.351953151551827
1.37255450942167 0.347884926237975
1.41852714306177 0.343382429467083
1.46569042136185 0.338454264841767
1.5141142375164 0.333108923941744
1.56387725959701 0.327354689927254
1.61506825226152 0.321199534435367
1.66778772558072 0.314651002276182
1.72215000618348 0.307716077075534
1.77828586214872 0.300401018916686
1.83634586641503 0.292711161807547
1.89650476366514 0.284650653788322
1.95896722914586 0.276222114584111
2.02397560348113 0.26742617293521
2.0918205074096 0.258260824511257
2.16285578324805 0.248720514765641
2.23752017200883 0.238794785417562
2.31636993013 0.228466199075909
2.40013015272797 0.217707006699575
2.48978020368933 0.206473479935078
2.58670667182477 0.194695531030803
2.69300561414025 0.182255704796588
2.81217096801033 0.168940093385919
2.95106164268689 0.154294149344964
3.12868782173045 0.136958595935831
3.33431133183801 0.118830147524026
3.50790447415153 0.105092948161168
3.6624299854294 0.0940116972704207
3.81322900384089 0.0841802205155038
3.9588328778597 0.0755517827258721
4.10059956800225 0.0679127238643934
4.24014858866844 0.0610763947825241
4.37880809909142 0.0549062720809629
4.51760398538166 0.0493045780291469
4.65734612217663 0.0441995449564185
4.7987067628918 0.0395365082978571
4.94227638617043 0.0352722657719621
5.08860165934773 0.0313715500970299
5.23821188199744 0.0278047790058839
5.39163863392907 0.0245465722867705
5.54943172604866 0.0215747384336119
5.71217347106473 0.0188695575616589
5.88049266984301 0.0164132573980678
6.05507939883784 0.0141896189518832
6.2367015792874 0.0121836714570002
6.42622435355657 0.0103814497492074
6.62463346890822 0.00876979533478704
6.83306418305298 0.00733618710918895
7.05283769345761 0.00606858999086007
7.28550781551889 0.00495530991586624
7.53292168693056 0.00398484124630037
7.79729977828848 0.00314568616726041
8.08134254130874 0.00242611150139915
8.38837344261595 0.00181377842940931
8.72252930032478 0.0012951161554133
9.08900054688469 0.000854167663812312
9.49426658334207 0.000470313486416995
9.94596629741819 0.000113596475351009
10 7.33636091060212E-05


2 -0.124993279275415
3 -0.423988195361577
5 -0.496416259047884
10 -0.499998969961127


0.001 0.000999
0.002 0.00199600188803546
0.00400823258016143 0.00399219276464004
0.00711244421974258 0.00706202316469731
0.0113709968305901 0.0112424030412124
0.0168120363710819 0.0165317081071013
0.023441482558533 0.0228982956186786
0.0312531328728898 0.0302913683733822
0.0402359815640804 0.0386490251893195
0.0503786391191858 0.0479032845060434
0.0616717684127627 0.0579829811202812
0.0741093482843677 0.0688153602590992
0.0876892963684641 0.0803269200932791
0.102413762941576 0.0924438315284124
0.118289268103242 0.105092121024984
0.135326773326818 0.118197718085389
0.153541732442162 0.13168642165483
0.172954140852145 0.145483813583649
0.193588585837221 0.159515133236355
0.215474289746573 0.173705120152631
0.238645128617625 0.187977828678062
0.263139599570633 0.202256418444076
0.289000700356356 0.216462927114182
0.316275673685499 0.230518037093989
0.345015558490806 0.244340856398442
0.375274482660431 0.257848746083912
0.407108631777368 0.270957242665
0.440574843288345 0.283580142646538
0.47572881457799 0.295629834343729
0.512622985246628 0.307017972753491
0.551304260544352 0.317656585815607
0.591811871169411 0.327459662599968
0.634175778455196 0.336345197489663
0.678416077035193 0.344237554424562
0.724543764306923 0.351069898064499
0.772563021295568 0.356786359114397
0.822474836119537 0.361343603095258
0.874281512465279 0.364711570912351
0.927991457634353 0.36687332643127
0.983623689680535 0.367824119652335
1 0.367873998637272


0.001 0.000999
0.002 0.00199600188805287
0.00384144223544792 0.00382670831895687
0.00657573360530387 0.00653262362670975
0.0102364443279818 0.010132173036641
0.0148369994664052 0.0146184533655489
0.0203763475643053 0.019965300512545
0.0268457397517326 0.0261345570227679
0.0342335361919119 0.0330813277176547
0.0425280668811219 0.0407572081669504
0.0517191815700706 0.0491121184655253
0.0617990287699082 0.0580952928822416
0.0727624138066385 0.0676557875213836
0.0846069403531522 0.0777427206531451
0.0973330486676475 0.0883053667491371
0.110944011014732 0.0992931705539685
0.125445915287218 0.11065571675806
0.14084765154827 0.122342673845572
0.157160907045697 0.134303721400166
0.174400169792923 0.146488465135126
0.192582737152536 0.158846341305961
0.21172872292321 0.171326510977902
0.231861053605694 0.18387774437089
0.253005441467044 0.196448295993109
0.275190318586859 0.208985772480844
0.29844671230148 0.221436997082228
0.322808038662458 0.23374787771898
0.348309787357973 0.245863289712462
0.374989070178977 0.257726989675261
0.402884007343742 0.269281583638972
0.43203293425807 0.280468579672626
0.462473428361924 0.291228561796218
0.494241183902994 0.301501525702668
0.527368802098296 0.311227414468025
0.561884611431636 0.320346880351967
0.597811678101648 0.328802274089872
0.635167194300875 0.336538825837432
0.673962424374235 0.343505937398207
0.714203334124534 0.34965846462123
0.755891929835919 0.354957846240844
0.799028213631295 0.359372942630531
0.843612556650542 0.362880487391923
0.889648235314928 0.365465116705935
0.937143884568979 0.367119007660497
0.986115686829586 0.367841208708652
1.03658921002735 0.36763677179665
1.08860090271313 0.36651579571007
1.14219932769084 0.364492470974032
1.19744626061402 0.361584188347078
1.25441780036779 0.357810744324035
1.31320564372753 0.353193653401235
1.37391867881635 0.347755559982221
1.4366850600896 0.341519732143559
1.50165495031389 0.334509613275959
1.569004160582 0.326748403752737
1.6389389985634 0.31825864116519
1.71170276491849 0.309061742202892
1.78758454751903 0.299177459459086
1.86693130603954 0.288623188642112
1.95016481545933 0.277413029482378
2 0.270671610090265


0.001 0.000999
0.002 0.00199600188805296
0.00375040135566238 0.00373635689159256
0.00628964269654501 0.00625019664843712
0.00964182355707665 0.00954928698926757
0.0138147884631112 0.0136252226358098
0.0188050782292423 0.0184547071847124
0.0246033737547547 0.0240053706264927
0.0311982622255654 0.0302398714140661
0.038578448887483 0.0371183818880748
0.0467339397422902 0.0445999835374519
0.0556566233803467 0.0526434090461227
0.0653405257660092 0.0612074141220514
0.0757818970713658 0.0702509457361338
0.0869792185399591 0.0797332004512018
0.0989331764459043 0.0896136241346114
0.111646627470473 0.0998518805711658
0.125124567345118 0.110407803373858
0.139374107743688 0.121241338408049
0.154404462519421 0.132312480040169
0.170226942017999 0.143581202434651
0.186854952548046 0.155007386065792
0.204303996699137 0.166550739171606
0.222591668801995 0.178170713851602
0.241737638277241 0.189826416819381
0.261763611849175 0.201476515459838
0.282693263618436 0.213079140855526
0.304552119899566 0.224591790916668
0.327367383783382 0.235971238768248
0.351167683021807 0.247173454196315
0.375982724751891 0.258153549255228
0.401842842766994 0.268865762976958
0.428778428757581 0.279263504157192
0.456819249516645 0.289299474721433
0.485993668546643 0.298925898047373
0.516327812814382 0.308094875243601
0.547844751669262 0.316758885951423
0.580563780576912 0.324871437289978
0.614499919997985 0.332387844897575
0.649663740789217 0.339266105651601
0.686061605021181 0.345467797302701
0.723696364000226 0.3509589226905
0.762568491119262 0.355710612066145
0.802677561443798 0.359699609934808
0.844023940973305 0.362908501096793
0.886610529990605 0.365325667337659
0.930444420250796 0.366945001975969
0.975538367487714 0.367765435815388
1.02191203477466 0.367790340566758
1.06959301437124 0.367026874826667
1.11861767615057 0.365485326947313
1.16903191615075 0.363178493557346
1.2208918910324 0.36012111642097
1.27426482790224 0.356329386529238
1.3292299994629 0.351820513961417
1.38587995664644 0.346612355092325
1.44432211886995 0.340723084434656
1.50468083950418 0.334170895815296
1.56710009521044 0.326973715685391
1.63174699828381 0.319148909184443
1.69881641031436 0.310712956107028
1.76853705899908 0.301681067902822
1.84117975510216 0.292066706406816
1.91706862242137 0.2818809469663
1.99659678159354 0.271131597129847
2.08024884679479 0.259821925556333
2.16863426906493 0.247948750278327
2.2625387941588 0.235499427532442
2.36300800152337 0.222446843611231
2.47149203797172 0.20874050167099
2.59011904047108 0.194289186364093
2.72227832420345 0.17892281543219
2.874116789745 0.162291193488654
3 0.149362476380977


0.001 0.000999
0.002 0.00199600188805531
0.00364209889091164 0.00362885311435511
0.00595578403520019 0.00592040852577533
0.00895736086977988 0.00887746874333463
0.0126500473755582 0.0124910067073337
0.0170286215192086 0.0167410663942063
0.0220836964794419 0.0216013023042315
0.0278045262264915 0.0270420165058678
0.0341806094253446 0.0330319501824912
0.041202527868076 0.0395392688334191
0.0488623455059723 0.0465320737865269
0.057153770468918 0.0539786487506396
0.0660721961242969 0.0618475625379772
0.0756146849598976 0.0701076955580001
0.0857799293372108 0.0787282269502503
0.0965682067445355 0.0876786020889432
0.107981338245054 0.0969284907694385
0.12002265397336 0.106447741238405
0.132696966891672 0.116206332429542
0.146010554534258 0.126174325257787
0.159971147574424 0.136321813031453
0.174587923427028 0.14661887065352
0.18987150257171 0.157035502135594
0.2058339447447 0.167541585958236
0.222488741538814 0.178106817944088
0.239850801239446 0.188700651559516
0.25793642089903 0.199292235939669
0.276763239731023 0.209850352468371
0.296350166939854 0.220343351474392
0.316717276199552 0.230739091569702
0.337885658324958 0.241004885388062
0.35987722350936 0.251107456998987
0.38271444519951 0.261012918045041
0.406420039712544 0.27068677157835
0.431016579598247 0.280093954439895
0.45652604500282 0.289198930466762
0.482969326159805 0.297965847289623
0.510365701392796 0.306358768312804
0.5387323276422 0.314341987934197
0.568083792485921 0.321880431627362
0.598431784902967 0.328940133137841
0.629784943161082 0.335488769530923
0.662148929317879 0.341496222960395
0.695526759985504 0.346935128420883
0.729919394356556 0.351781362200443
0.765326548345732 0.356014428282888
0.80174767531115 0.359617709883304
0.839183035992824 0.362578568891123
0.877634777002994 0.364888293884681
0.917107948233335 0.366541913716941
0.957611410982022 0.367537905372065
0.999158614571703 0.367877830378667
1.04176824405922 0.367565933781743
1.08546476144527 0.366608734999445
1.13027887602671 0.365014632793456
1.17624798664437 0.362793538877089
1.22341664123618 0.359956547661973
1.271837059431 0.356515643979815
1.321569763951 0.352483446478468
1.37268436806801 0.347872981615058
1.42526057074025 0.342697481416659
1.47938941971333 0.336970197059434
1.53517491738833 0.33070421944329
1.59273606683619 0.323912296939064
1.65220948934334 0.316606638975778
1.71375279572056 0.308798691659472
1.77754897021196 0.300498867534339
1.84381214323525 0.291716204907
1.9127953134107 0.282457921148487
1.98480087703176 0.272728806002227
2.06019532115545 0.262530369401216
2.13943030430287 0.25185960226863
2.22307393554938 0.240707104538444
2.31185913671708 0.229054129389506
2.40676236293692 0.216867659092756
2.5091404737425 0.204091626733673
2.62099054992081 0.190629802847084
2.74550784726558 0.176307985285972
2.88853265975949 0.160772901434597
3.06380563953653 0.143112399898073
3.31796356652153 0.120198930969774
3.51020539296267 0.10492272512119
3.68637654767928 0.0923899983866007
3.85851894988385 0.0814111571800742
4.02455223858126 0.0719237799949256
4.18628236648052 0.0636420917139493
4.34583291041747 0.0563244636834251
4.50492482181144 0.0497988735125787
4.66488635437869 0.0439444577074182
4.82677925513418 0.0386735343096798
4.99150693755881 0.0339196910194083
5 0.0336900971339217


1 -0.49998491261099
2 -0.499997981044218
3 -0.499998052451432
5 -0.499999817593352


